#optical constants for H2SO4 aerosols, 0.1 um radius
#k and w from Kerber ++ (2015), g from PSG (hri_volcanic_afcrl_h2so4_215k), interpolated to be on one wavelength grid
#wav[um] k[m^2/kg] w(ssa) g(HG)
2.0456202617e-01 9.9722501170e+03 9.9629187036e-01 6.9133461857e-01
2.1011981493e-01 9.9722501170e+03 9.9627612121e-01 6.9042617577e-01
2.1972012012e-01 9.5953415018e+03 9.9624891674e-01 6.8885696749e-01
2.2603272787e-01 9.3304667467e+03 9.9623102865e-01 6.8782514650e-01
2.2686733901e-01 9.2929704359e+03 9.9622866361e-01 6.8768872597e-01
2.3396817538e-01 8.9739534053e+03 9.9615609317e-01 6.8652806586e-01
2.5160583370e-01 8.5382818125e+03 9.9597583658e-01 6.8331287628e-01
2.5616605702e-01 8.4256387551e+03 9.9597583658e-01 6.8162398845e-01
2.5711769230e-01 8.1658191261e+03 9.9597583658e-01 6.8127154842e-01
2.6237469177e-01 7.8166494022e+03 9.9597583658e-01 6.7932460815e-01
2.7182389510e-01 7.4692207785e+03 9.9597583658e-01 6.7582507680e-01
2.7904039446e-01 7.1584914953e+03 9.9597583658e-01 6.7315243183e-01
2.7931680779e-01 7.1465896420e+03 9.9597856431e-01 6.7305006160e-01
2.8719369744e-01 6.8471731744e+03 9.9605629561e-01 6.7013283976e-01
2.9529271977e-01 6.5464376915e+03 9.9613621899e-01 6.6713335065e-01
3.0362013904e-01 6.2496592544e+03 9.9621839624e-01 6.6359159320e-01
3.0946436525e-01 6.0371878056e+03 9.9627606867e-01 6.6068830798e-01
3.1218239618e-01 5.9383716493e+03 9.9624806857e-01 6.5933804898e-01
3.2098611374e-01 5.6244460136e+03 9.9615737607e-01 6.5496455245e-01
3.2863881416e-01 5.3232158999e+03 9.9607854091e-01 6.5116285634e-01
3.3955514151e-01 5.0178308882e+03 9.9596608513e-01 6.4547482130e-01
3.4321025901e-01 4.9013704608e+03 9.9592843152e-01 6.4327990003e-01
3.4891508769e-01 4.7196015343e+03 9.9596456604e-01 6.3985411419e-01
3.6031003577e-01 4.4527647440e+03 9.9603674191e-01 6.3301137552e-01
3.7081456841e-01 4.1832899231e+03 9.9610327787e-01 6.2670333697e-01
3.8063123210e-01 3.9715791906e+03 9.9616545685e-01 6.2080836810e-01
3.8458484978e-01 3.8863136337e+03 9.9614016966e-01 6.1843419558e-01
3.9939345855e-01 3.5901647266e+03 9.9604545436e-01 6.0954153199e-01
4.1521527013e-01 3.2858319293e+03 9.9594425866e-01 5.9832018465e-01
4.2213685278e-01 3.1451878116e+03 9.9589998848e-01 5.9338117137e-01
4.2970391780e-01 2.9914277197e+03 9.9594103545e-01 5.8798156314e-01
4.4446917415e-01 2.7094222537e+03 9.9602112848e-01 5.7744556278e-01
4.6756501933e-01 2.4559314998e+03 9.9614641016e-01 5.6096512878e-01
4.6816323970e-01 2.4492909039e+03 9.9614965516e-01 5.6053825844e-01
4.9243703139e-01 2.1798376204e+03 9.9600690006e-01 5.4315759601e-01
5.1921410409e-01 1.9193214641e+03 9.9584942307e-01 5.2371079911e-01
5.2060264996e-01 1.9058121968e+03 9.9585252365e-01 5.2270809841e-01
5.5037924012e-01 1.6327760347e+03 9.9591901370e-01 5.0121656271e-01
5.7582653349e-01 1.4841277119e+03 9.9597583658e-01 4.8356656531e-01
5.8758043005e-01 1.4154682680e+03 9.9603500315e-01 4.7541417594e-01
6.3837690072e-01 1.1712855650e+03 9.9629070157e-01 4.4045643886e-01
6.3860908934e-01 1.1700769675e+03 9.9629187036e-01 4.4030723597e-01
6.9013126275e-01 9.0189168374e+02 9.9616326429e-01 4.0719942519e-01
7.0824429975e-01 8.4585452844e+02 9.9611805178e-01 3.9687748199e-01
7.5780444098e-01 6.9252798631e+02 9.9589496936e-01 3.6961400047e-01
7.8547560514e-01 6.2212907517e+02 9.9577041463e-01 3.5439184303e-01
8.2204576525e-01 5.2909000257e+02 9.9593235965e-01 3.3427426750e-01
8.7111508539e-01 4.5225356330e+02 9.9614965516e-01 3.0890683956e-01
9.0375372565e-01 4.0114552080e+02 9.9619852475e-01 2.9572680177e-01
9.6609665585e-01 3.2486346381e+02 9.9629187036e-01 2.7055166672e-01
1.0007728052e+00 2.8243414596e+02 9.9630747531e-01 2.5654884812e-01
1.0714366733e+00 2.2248978591e+02 9.9633927543e-01 2.2950866841e-01
1.1289449888e+00 1.7370531856e+02 9.9650263369e-01 2.1380377047e-01
1.1882553620e+00 1.0195139740e+02 9.9667111089e-01 1.9760675007e-01
1.2501386288e+00 2.7084779587e+01 9.9631881817e-01 1.8070710032e-01
1.3178410613e+00 3.6976341496e+01 9.9593339776e-01 1.6391732361e-01
1.3790057994e+00 4.5912723397e+01 9.9369122722e-01 1.5303868252e-01
1.4735503049e+00 3.2103785685e+01 9.9022542466e-01 1.3622318105e-01
1.5329534403e+00 2.3427509958e+01 9.8813214902e-01 1.2565785516e-01
1.6070866262e+00 2.1482883047e+01 9.8551980894e-01 1.1659754956e-01
1.6975178870e+00 1.9110732691e+01 9.6969192626e-01 1.0576099346e-01
1.6988715482e+00 1.8991591289e+01 9.6945499944e-01 1.0559878157e-01
1.8474318278e+00 5.9161780608e+00 9.4059888087e-01 8.9521104380e-02
1.8797485304e+00 3.0718495371e+00 9.1363627932e-01 8.6823546806e-02
1.8847687807e+00 3.2292322296e+00 9.0944776390e-01 8.6404493716e-02
1.8888665938e+00 3.3576969130e+00 8.8133985153e-01 8.6062438807e-02
1.9809099152e+00 6.2432155673e+00 8.5633315227e-01 7.8379348060e-02
2.0677846586e+00 8.9667015194e+00 8.2916530871e-01 7.2536584300e-02
2.0815418587e+00 9.3979838412e+00 8.2085267637e-01 7.1674176795e-02
2.1047709746e+00 1.0071159099e+01 8.0681674613e-01 7.0217996481e-02
2.1684221393e+00 1.1915757464e+01 7.8249502082e-01 6.6227850093e-02
2.2244506301e+00 1.3539452223e+01 7.4791849469e-01 6.2715551749e-02
2.2737665549e+00 1.4968618127e+01 7.1540105015e-01 5.9991797321e-02
2.2971391346e+00 1.5645950938e+01 6.9690787988e-01 5.8888275930e-02
2.3132291576e+00 1.7020555213e+01 6.8417691307e-01 5.8128595788e-02
2.3480015651e+00 1.9991234611e+01 6.5056672098e-01 5.6486838822e-02
2.3581862162e+00 2.0861330625e+01 6.2427045343e-01 5.6005977039e-02
2.4021450655e+00 2.4616826929e+01 5.9664819844e-01 5.3930488105e-02
2.4339113774e+00 2.7330689299e+01 5.6417888829e-01 5.2430662020e-02
2.4536141339e+00 2.9013936939e+01 5.2950208220e-01 5.1500408980e-02
2.4900960248e+00 3.2130661069e+01 4.7506789788e-01 4.9777939853e-02
2.5106269495e+00 3.3884660847e+01 5.0038747058e-01 4.8902166937e-02
2.5476220309e+00 3.7045227923e+01 4.5151284710e-01 4.7481248750e-02
2.5524423292e+00 3.7457036075e+01 4.3860959632e-01 4.7296109286e-02
2.5578579625e+00 3.7985935540e+01 4.2411271871e-01 4.7088104018e-02
2.6096096877e+00 4.3040092314e+01 3.9103513649e-01 4.5100408232e-02
2.6194121069e+00 4.3997412350e+01 3.5234144816e-01 4.4723913975e-02
2.6436776367e+00 4.6367223053e+01 3.2124372459e-01 4.3791916225e-02
2.6747766100e+00 4.9404398835e+01 2.8945862756e-01 4.2597457530e-02
2.7004259322e+00 5.1909352920e+01 2.5969840408e-01 4.1616943108e-02
2.7257316379e+00 5.4380748878e+01 2.3218540648e-01 4.0920218825e-02
2.7370944674e+00 5.5490461095e+01 9.3260908926e-02 4.0607373994e-02
2.7659246745e+00 5.8306065518e+01 2.0772205122e-01 3.9813612085e-02
2.7803165765e+00 5.9711601836e+01 1.8511533587e-01 3.9417369920e-02
2.7816871184e+00 5.9845451156e+01 1.6217128372e-01 3.9379635751e-02
2.7962166023e+00 6.1264423942e+01 1.3863940875e-01 3.8979605641e-02
2.7968437662e+00 6.1325673783e+01 7.3445591164e-02 3.8962338375e-02
2.8064056640e+00 6.2259504107e+01 1.1530979540e-01 3.8699077338e-02
2.8093759272e+00 6.2549584793e+01 3.6859677711e-02 3.8617299160e-02
2.8430469726e+00 6.5837953281e+01 3.4187127773e-02 3.7690257837e-02
3.1027901522e+00 1.7339280187e+02 1.3570701688e-02 3.1335143212e-02
3.1708722485e+00 1.8407612852e+02 8.1668658338e-03 2.9988050429e-02
3.4943341048e+00 2.3483321233e+02 9.4831799284e-03 2.5877515340e-02
3.5530821084e+00 2.4404435401e+02 9.7222523991e-03 2.5211476137e-02
3.8532121614e+00 2.9110196063e+02 9.8243639379e-03 2.1953642054e-02
3.9343174490e+00 2.5740387945e+02 9.8519579280e-03 2.1123088223e-02
4.1893119193e+00 1.5145734229e+02 8.6477288635e-03 1.8819797707e-02
4.3634969506e+00 1.4287310118e+02 7.8251279772e-03 1.7319423587e-02
4.6095428721e+00 1.3074738923e+02 8.1910971563e-03 1.5459070302e-02
4.8673047562e+00 8.4048643796e+01 8.5744926810e-03 1.3848254425e-02
5.0796574346e+00 4.5576688553e+01 6.5450239027e-03 1.2626505957e-02
5.5052641679e+00 6.4087045267e+01 2.4774718311e-03 1.0542838355e-02
5.6125634206e+00 6.8753671259e+01 3.0280158058e-03 1.0288629472e-02
6.0655323778e+00 7.9287493517e+01 5.3521636792e-03 9.1857763488e-03
6.2150790414e+00 8.2765210804e+01 5.4732453148e-03 8.7551847579e-03
6.6869788506e+00 8.5373155373e+01 5.8553227174e-03 7.2602428175e-03
6.8822754587e+00 8.6452458053e+01 4.6480161803e-03 6.7068640194e-03
7.4610785694e+00 1.8794138169e+02 1.0699060129e-03 5.3064468385e-03
7.5885590394e+00 2.1029415664e+02 1.5902643113e-03 5.0622388762e-03
8.1801454449e+00 4.3352135030e+02 4.0050412222e-03 4.0420965796e-03
8.2740288219e+00 4.2593359422e+02 4.3882606620e-03 4.0195359362e-03
8.9851616964e+00 3.6845906606e+02 6.8561294304e-03 4.5655982147e-03
9.1755945389e+00 2.3618995663e+02 7.5169950455e-03 4.2978793005e-03
9.4789744123e+00 2.5471127132e+01 7.8025032683e-03 4.0445609928e-03
1.0199833955e+01 3.6173726340e+01 8.4808980626e-03 4.2371830192e-03
1.0506118069e+01 4.0721125552e+01 8.0536358251e-03 3.6929835209e-03
1.1321254893e+01 2.2374041942e+01 6.9165308709e-03 3.3227533882e-03
1.1492057151e+01 1.8529628059e+01 7.2464139719e-03 3.3664155696e-03
1.2515765200e+01 4.1430991663e+00 9.2235774365e-03 2.5519138377e-03
1.2807676944e+01 4.0760869565e-02 8.2915776288e-03 2.4263894526e-03
1.3881757751e+01 3.9783326434e+00 4.8623113262e-03 2.0117609939e-03
1.4182596895e+01 5.0812065744e+00 4.0151322600e-03 1.9043620316e-03
1.5396805768e+01 2.7841569884e+01 5.9585534871e-04 1.5587841897e-03
1.5842199481e+01 3.6190481634e+01 5.2040084445e-04 1.4682432832e-03
1.7075744786e+01 5.2498281689e+01 3.1142495021e-04 1.4074637997e-03
1.7253441628e+01 5.4847481636e+01 3.2047365666e-04 1.4234371647e-03
1.8173969192e+01 4.0760869565e-02 3.6734890568e-04 1.4435981929e-03
1.8937608829e+01 4.0760869565e-02 4.0623508304e-04 1.2374896503e-03
1.9801121042e+01 4.0760869565e-02 3.6658794915e-04 1.0816435418e-03
2.1002567872e+01 4.0760869565e-02 3.1142495021e-04 9.1790347046e-04
2.1926795861e+01 4.0760869565e-02 3.1142495021e-04 8.6037409205e-04
2.3292642851e+01 4.0760869565e-02 3.1142495021e-04 7.9848854700e-04
2.4280664500e+01 4.0760869565e-02 3.1142495021e-04 7.4369239210e-04
2.5832422698e+01 4.0760869565e-02 3.1142495021e-04 7.0379770000e-04
2.6887223847e+01 4.0760869565e-02 3.1142495021e-04 7.0379770000e-04
2.8649134694e+01 4.0760869565e-02 3.1142495021e-04 7.0379770000e-04
2.9773600562e+01 4.0760869565e-02 3.1142495021e-04 7.0379770000e-04
3.1772974929e+01 4.0760869565e-02 3.1142495021e-04 7.0379770000e-04
3.2969833384e+01 4.0760869565e-02 3.1142495021e-04 7.0379770000e-04
3.5237432007e+01 6.0357632670e+00 3.1142495021e-04 7.0379770000e-04
3.6509185751e+01 9.3979838412e+00 3.1142495021e-04 7.0379770000e-04
3.9079646058e+01 5.1512738365e+00 3.1142495021e-04 7.0379770000e-04
4.0428491969e+01 2.9228179410e+00 3.1142495021e-04 7.0379770000e-04
4.3340806893e+01 9.8886313479e-01 3.1142495021e-04 7.0379770000e-04
4.4768540555e+01 4.0760869565e-02 3.1142495021e-04 7.0379770000e-04
4.8066595572e+01 4.0760869565e-02 3.1142495021e-04 7.0379770000e-04
4.9574498720e+01 4.0760869565e-02 3.1142495021e-04 7.0379770000e-04
