tot_time [s],surface_temp [K],precip_rate [m/s]
0,213.719,0.000879313
3600,217.438,1.03518e-05
7200,221.157,8.48726e-11
10800,224.876,7.02581e-11
14400,228.595,6.69666e-11
18000,232.314,6.66572e-11
21600,232.579,6.62367e-11
25200,232.844,6.66296e-11
28800,233.109,6.72259e-11
32400,233.375,6.78763e-11
36000,233.64,6.85443e-11
39600,233.905,6.9221e-11
43200,234.091,6.98585e-11
46800,234.278,7.05884e-11
50400,234.464,7.1292e-11
54000,234.651,7.19936e-11
57600,234.837,7.26992e-11
61200,235.023,7.34104e-11
64800,235.155,7.40787e-11
68400,235.287,7.48456e-11
72000,235.418,7.5584e-11
75600,235.55,7.63199e-11
79200,235.681,7.70599e-11
82800,235.813,7.78057e-11
86400,235.907,7.85059e-11
90000,236.001,7.87692e-11
93600,236.095,7.93826e-11
97200,236.189,8.00873e-11
100800,236.283,8.08193e-11
104400,236.377,8.15629e-11
108000,236.416,8.22107e-11
111600,236.455,8.29469e-11
115200,236.494,8.37039e-11
118800,236.533,8.44709e-11
122400,236.571,8.52456e-11
126000,236.61,8.60272e-11
129600,236.603,4.59002e-06
133200,236.596,4.60353e-06
136800,236.588,4.63448e-06
140400,236.581,4.66467e-06
144000,236.573,4.69414e-06
147600,236.566,4.72291e-06
151200,236.51,4.75055e-06
154800,236.453,7.58131e-06
158400,236.397,1.01933e-05
162000,236.34,3.58238e-06
165600,236.284,4.77564e-06
169200,236.227,7.60896e-06
172800,236.058,8.2346e-06
176400,235.889,1.02477e-05
180000,235.72,1.4408e-05
183600,235.55,1.55732e-05
187200,235.381,2.05444e-05
190800,235.212,1.17958e-05
194400,235.098,1.0521e-05
198000,234.985,1.56165e-05
201600,234.871,1.4407e-05
205200,234.757,1.82121e-05
208800,234.644,1.25266e-05
212400,234.53,1.20083e-05
216000,234.451,1.4393e-05
219600,234.372,2.06076e-05
223200,234.293,1.16871e-05
226800,234.214,1.06928e-05
230400,234.135,1.07773e-05
234000,234.056,1.47397e-05
237600,234,1.59081e-05
241200,233.945,1.87974e-05
244800,233.889,1.7833e-05
248400,233.833,1.16574e-05
252000,233.778,1.03546e-05
255600,233.722,1.13011e-05
259200,233.682,1.5897e-05
262800,233.642,1.4544e-05
266400,233.602,1.82718e-05
270000,233.562,1.21509e-05
273600,233.522,1.11877e-05
277200,233.482,1.30635e-05
280800,233.454,1.21189e-05
284400,233.427,1.60799e-05
288000,233.399,2.0431e-05
291600,233.371,1.17544e-05
295200,233.344,1.0559e-05
298800,233.316,1.06506e-05
302400,233.294,1.49938e-05
306000,233.272,1.622e-05
309600,233.251,1.34076e-05
313200,233.229,1.78933e-05
316800,233.207,1.76089e-05
320400,233.185,1.14211e-05
324000,233.169,1.03624e-05
327600,233.152,1.02804e-05
331200,233.135,1.48164e-05
334800,233.118,1.47234e-05
338400,233.102,2.04563e-05
342000,233.085,1.15259e-05
345600,233.073,1.0484e-05
349200,233.061,1.81681e-05
352800,233.049,1.20685e-05
356400,233.037,1.17866e-05
360000,233.025,1.22308e-05
363600,233.014,1.47987e-05
367200,233.004,2.08084e-05
370800,232.995,1.16174e-05
374400,232.986,1.04575e-05
378000,232.977,1.05474e-05
381600,232.967,1.62536e-05
385200,232.958,1.54624e-05
388800,232.95,1.77466e-05
392400,232.943,1.75293e-05
396000,232.935,1.13636e-05
399600,232.927,1.00594e-05
403200,232.919,1.14632e-05
406800,232.912,1.13564e-05
410400,232.904,1.68128e-05
414000,232.897,1.65721e-05
417600,232.89,2.0315e-05
421200,232.882,1.13064e-05
424800,232.875,1.02381e-05
428400,232.868,1.05151e-05
432000,232.862,1.62634e-05
435600,232.856,1.55773e-05
439200,232.85,2.02887e-05
442800,232.844,1.12861e-05
446400,232.838,1.02139e-05
450000,232.832,1.04788e-05
453600,232.826,1.07231e-05
457200,232.821,1.21757e-05
460800,232.815,1.17844e-05
464400,232.81,1.66424e-05
468000,232.804,2.03345e-05
471600,232.799,1.13472e-05
475200,232.795,1.03722e-05
478800,232.79,1.14901e-05
482400,232.786,1.06494e-05
486000,232.782,1.18116e-05
489600,232.778,1.67138e-05
493200,232.774,2.03331e-05
496800,232.771,1.12923e-05
500400,232.768,1.03448e-05
504000,232.765,1.04398e-05
507600,232.763,1.09352e-05
511200,232.76,1.27398e-05
514800,232.757,1.24479e-05
518400,232.753,1.50968e-05
522000,232.749,1.57437e-05
525600,232.745,1.90601e-05
529200,232.742,1.25185e-05
532800,232.738,1.24439e-05
536400,232.734,1.69355e-05
540000,232.731,2.02646e-05
543600,232.727,1.1249e-05
547200,232.724,1.03458e-05
550800,232.721,1.042e-05
554400,232.718,1.06623e-05
558000,232.714,1.69151e-05
561600,232.711,1.62293e-05
565200,232.707,1.60336e-05
568800,232.704,1.70275e-05
572400,232.7,1.24577e-05
576000,232.697,1.1322e-05
579600,232.693,1.13748e-05
583200,232.689,1.14292e-05
586800,232.685,1.68738e-05
590400,232.681,1.47699e-05
594000,232.676,1.71929e-05
597600,232.672,1.19718e-05
601200,232.668,1.08881e-05
604800,232.665,1.13999e-05
608400,232.662,1.33147e-05
612000,232.659,1.48335e-05
615600,232.656,2.07234e-05
619200,232.653,1.10938e-05
622800,232.65,1.00805e-05
626400,232.647,1.0162e-05
630000,232.644,1.09041e-05
633600,232.641,1.63064e-05
637200,232.638,1.68998e-05
640800,232.635,1.76801e-05
644400,232.632,1.71295e-05
648000,232.63,1.10332e-05
651600,232.628,9.92497e-06
655200,232.626,9.94611e-06
658800,232.624,1.69874e-05
662400,232.622,1.17038e-05
666000,232.62,1.70189e-05
669600,232.617,1.7032e-05
673200,232.615,1.97723e-05
676800,232.612,1.68201e-05
680400,232.609,1.07677e-05
684000,232.607,9.61525e-06
687600,232.604,9.68439e-06
691200,232.6,9.69442e-06
694800,232.597,9.71513e-06
698400,232.593,1.50205e-05
702000,232.589,9.72027e-06
705600,232.586,1.88221e-05
709200,232.582,1.25564e-05
712800,232.581,1.16063e-05
716400,232.579,1.70623e-05
720000,232.578,1.06613e-05
723600,232.577,1.58366e-05
727200,232.575,1.48349e-05
730800,232.574,1.4933e-05
734400,232.573,1.88078e-05
738000,232.571,1.28152e-05
741600,232.57,1.13631e-05
745200,232.568,1.35081e-05
748800,232.567,1.70472e-05
752400,232.565,2.01466e-05
756000,232.565,1.1161e-05
759600,232.564,1.03204e-05
763200,232.564,1.04092e-05
766800,232.563,1.09972e-05
770400,232.563,1.68719e-05
774000,232.562,1.71173e-05
777600,232.56,1.71236e-05
781200,232.558,1.71358e-05
784800,232.556,1.24677e-05
788400,232.554,1.70761e-05
792000,232.552,2.00877e-05
795600,232.55,1.15586e-05
799200,232.547,1.04859e-05
802800,232.545,1.05062e-05
806400,232.542,1.0169e-05
810000,232.54,1.54737e-05
813600,232.538,1.10156e-05
817200,232.535,1.63992e-05
820800,232.534,1.40782e-05
824400,232.532,1.50309e-05
828000,232.531,2.08697e-05
831600,232.529,1.14897e-05
835200,232.528,1.04029e-05
838800,232.526,1.10909e-05
842400,232.524,1.18308e-05
846000,232.522,1.71714e-05
849600,232.52,1.71999e-05
853200,232.518,1.2652e-05
856800,232.516,1.36671e-05
860400,232.514,1.71212e-05
864000,232.513,2.01138e-05
867600,232.512,1.11555e-05
871200,232.511,1.03886e-05
874800,232.51,1.19075e-05
878400,232.509,1.10677e-05
882000,232.508,1.68872e-05
885600,232.507,1.52393e-05
889200,232.505,1.66519e-05
892800,232.504,1.73846e-05
896400,232.502,1.68647e-05
900000,232.501,1.07875e-05
903600,232.499,9.80135e-06
907200,232.496,9.88474e-06
910800,232.493,9.90044e-06
914400,232.49,1.52091e-05
918000,232.487,9.91288e-06
921600,232.484,1.52204e-05
925200,232.481,1.01796e-05
928800,232.48,1.58074e-05
932400,232.479,1.30504e-05
936000,232.478,1.72183e-05
939600,232.476,2.00667e-05
943200,232.475,1.12147e-05
946800,232.474,1.04091e-05
950400,232.472,1.05803e-05
954000,232.471,1.01829e-05
957600,232.469,1.55079e-05
961200,232.468,1.11541e-05
964800,232.467,1.73906e-05
968400,232.465,1.49672e-05
972000,232.465,1.7916e-05
975600,232.464,1.22014e-05
979200,232.464,1.15212e-05
982800,232.463,1.5308e-05
986400,232.463,1.40883e-05
990000,232.462,1.48495e-05
993600,232.461,1.96908e-05
997200,232.461,1.15088e-05
1.0008e+06,232.46,1.03898e-05
1.0044e+06,232.459,1.0602e-05
1.008e+06,232.459,1.05214e-05
1.0116e+06,232.458,1.59668e-05
1.0152e+06,232.456,1.05293e-05
1.0188e+06,232.455,1.1834e-05
1.0224e+06,232.453,1.38822e-05
1.026e+06,232.451,1.26556e-05
1.0296e+06,232.45,1.48925e-05
1.0332e+06,232.448,1.79568e-05
1.0368e+06,232.448,1.22411e-05
1.0404e+06,232.449,1.16066e-05
1.044e+06,232.449,1.52718e-05
1.0476e+06,232.449,1.4087e-05
1.0512e+06,232.45,1.27226e-05
1.0548e+06,232.45,1.49022e-05
1.0584e+06,232.449,1.79759e-05
1.062e+06,232.448,1.22652e-05
1.0656e+06,232.447,1.11902e-05
1.0692e+06,232.447,1.27505e-05
1.0728e+06,232.446,1.50182e-05
1.0764e+06,232.445,1.79855e-05
1.08e+06,232.445,1.23886e-05
1.0836e+06,232.445,1.26963e-05
1.0872e+06,232.446,1.50246e-05
1.0908e+06,232.446,1.549e-05
1.0944e+06,232.446,1.1833e-05
1.098e+06,232.446,1.41424e-05
1.1016e+06,232.445,1.74422e-05
1.1052e+06,232.444,2.01746e-05
1.1088e+06,232.443,1.10459e-05
1.1124e+06,232.442,1.00934e-05
1.116e+06,232.441,1.01767e-05
1.1196e+06,232.44,1.05997e-05
1.1232e+06,232.438,1.69242e-05
1.1268e+06,232.436,1.0571e-05
1.1304e+06,232.435,1.66841e-05
1.134e+06,232.433,1.21314e-05
1.1376e+06,232.431,1.79039e-05
1.1412e+06,232.429,1.50643e-05
1.1448e+06,232.428,1.72072e-05
1.1484e+06,232.428,1.16817e-05
1.152e+06,232.427,1.12123e-05
1.1556e+06,232.427,1.16532e-05
1.1592e+06,232.426,1.78831e-05
1.1628e+06,232.426,1.52931e-05
1.1664e+06,232.425,1.72448e-05
1.17e+06,232.425,1.58386e-05
1.1736e+06,232.424,1.11372e-05
1.1772e+06,232.423,1.27929e-05
1.1808e+06,232.423,1.34978e-05
1.1844e+06,232.422,1.56547e-05
1.188e+06,232.421,1.58722e-05
1.1916e+06,232.421,1.32732e-05
1.1952e+06,232.42,1.32218e-05
1.1988e+06,232.419,1.52584e-05
1.2024e+06,232.418,1.56234e-05
1.206e+06,232.417,1.92312e-05
1.2096e+06,232.418,1.23949e-05
1.2132e+06,232.418,1.26291e-05
1.2168e+06,232.419,1.50807e-05
1.2204e+06,232.419,1.80631e-05
1.224e+06,232.42,1.23384e-05
1.2276e+06,232.42,1.13004e-05
1.2312e+06,232.419,1.29619e-05
1.2348e+06,232.418,1.50991e-05
1.2384e+06,232.417,1.55626e-05
1.242e+06,232.416,1.1934e-05
1.2456e+06,232.414,1.41392e-05
1.2492e+06,232.413,1.75813e-05
1.2528e+06,232.413,2.0276e-05
1.2564e+06,232.413,1.12884e-05
1.26e+06,232.412,1.06107e-05
1.2636e+06,232.412,1.06412e-05
1.2672e+06,232.411,9.42528e-06
1.2708e+06,232.411,1.13149e-05
1.2744e+06,232.41,1.70924e-05
1.278e+06,232.409,1.44817e-05
1.2816e+06,232.408,1.62158e-05
1.2852e+06,232.407,1.81297e-05
1.2888e+06,232.406,1.59904e-05
1.2924e+06,232.405,1.4242e-05
1.296e+06,232.404,1.30089e-05
1.2996e+06,232.403,1.30802e-05
1.3032e+06,232.402,1.62394e-05
1.3068e+06,232.401,1.81393e-05
1.3104e+06,232.401,1.2404e-05
1.314e+06,232.4,1.17025e-05
1.3176e+06,232.399,1.5691e-05
1.3212e+06,232.399,1.44567e-05
1.3248e+06,232.399,1.62838e-05
1.3284e+06,232.398,1.56377e-05
1.332e+06,232.398,1.20123e-05
1.3356e+06,232.397,1.44963e-05
1.3392e+06,232.397,1.76848e-05
1.3428e+06,232.397,2.0376e-05
1.3464e+06,232.397,1.13499e-05
1.35e+06,232.397,1.05628e-05
1.3536e+06,232.397,9.39373e-06
1.3572e+06,232.397,1.13674e-05
1.3608e+06,232.397,1.72372e-05
1.3644e+06,232.396,1.07609e-05
1.368e+06,232.395,1.16009e-05
1.3716e+06,232.395,1.77885e-05
1.3752e+06,232.394,1.51733e-05
1.3788e+06,232.394,1.72712e-05
1.3824e+06,232.395,1.14215e-05
1.386e+06,232.396,1.20954e-05
1.3896e+06,232.397,1.43678e-05
1.3932e+06,232.398,1.7734e-05
1.3968e+06,232.399,1.50181e-05
1.4004e+06,232.4,1.72989e-05
1.404e+06,232.4,1.14515e-05
1.4076e+06,232.4,1.13321e-05
1.4112e+06,232.401,1.19394e-05
1.4148e+06,232.401,1.31218e-05
1.4184e+06,232.401,1.52193e-05
1.422e+06,232.401,1.54825e-05
1.4256e+06,232.401,1.82407e-05
1.4292e+06,232.4,1.27363e-05
1.4328e+06,232.4,1.18733e-05
1.4364e+06,232.4,1.33371e-05
1.44e+06,232.399,1.41488e-05
1.4436e+06,232.399,1.61168e-05
1.4472e+06,232.399,1.67664e-05
1.4508e+06,232.399,1.43284e-05
1.4544e+06,232.398,1.82248e-05
1.458e+06,232.398,2.02996e-05
1.4616e+06,232.398,1.15253e-05
1.4652e+06,232.398,1.06792e-05
1.4688e+06,232.397,1.09404e-05
1.4724e+06,232.397,1.01422e-05
1.476e+06,232.396,1.07456e-05
1.4796e+06,232.396,1.51836e-05
1.4832e+06,232.395,1.22456e-05
1.4868e+06,232.394,1.15387e-05
1.4904e+06,232.394,1.77187e-05
1.494e+06,232.394,1.52698e-05
1.4976e+06,232.394,1.74067e-05
1.5012e+06,232.394,1.15069e-05
1.5048e+06,232.394,1.1318e-05
1.5084e+06,232.394,1.20087e-05
1.512e+06,232.394,1.4468e-05
1.5156e+06,232.393,1.64897e-05
1.5192e+06,232.393,1.63589e-05
1.5228e+06,232.393,1.49343e-05
1.5264e+06,232.392,1.41964e-05
1.53e+06,232.392,1.69096e-05
1.5336e+06,232.392,1.2041e-05
1.5372e+06,232.392,2.1228e-05
1.5408e+06,232.392,1.19643e-05
1.5444e+06,232.393,1.09304e-05
1.548e+06,232.393,1.10562e-05
1.5516e+06,232.393,1.00857e-05
1.5552e+06,232.393,1.76423e-05
1.5588e+06,232.393,1.15449e-05
1.5624e+06,232.392,1.77687e-05
1.566e+06,232.392,1.53307e-05
1.5696e+06,232.392,1.74795e-05
1.5732e+06,232.392,1.63017e-05
1.5768e+06,232.392,1.15199e-05
1.5804e+06,232.392,1.30036e-05
1.584e+06,232.392,1.37843e-05
1.5876e+06,232.392,1.48916e-05
1.5912e+06,232.392,1.5837e-05
1.5948e+06,232.392,1.56793e-05
1.5984e+06,232.393,1.4761e-05
1.602e+06,232.394,1.50554e-05
1.6056e+06,232.394,1.77185e-05
1.6092e+06,232.395,1.46803e-05
1.6128e+06,232.396,1.79735e-05
1.6164e+06,232.397,2.05748e-05
1.62e+06,232.398,1.15494e-05
1.6236e+06,232.4,1.06865e-05
1.6272e+06,232.401,1.50534e-05
1.6308e+06,232.403,1.08305e-05
1.6344e+06,232.404,1.08858e-05
1.638e+06,232.406,1.00738e-05
1.6416e+06,232.405,1.08338e-05
1.6452e+06,232.404,1.69472e-05
1.6488e+06,232.404,1.23361e-05
1.6524e+06,232.403,1.5666e-05
1.656e+06,232.402,1.58982e-05
1.6596e+06,232.401,1.98903e-05
1.6632e+06,232.402,1.30359e-05
1.6668e+06,232.403,1.3078e-05
1.6704e+06,232.403,1.38576e-05
1.674e+06,232.404,1.47764e-05
1.6776e+06,232.404,1.79655e-05
1.6812e+06,232.405,1.01587e-05
1.6848e+06,232.405,1.30407e-05
1.6884e+06,232.405,1.37221e-05
1.692e+06,232.404,1.57836e-05
1.6956e+06,232.404,1.5924e-05
1.6992e+06,232.404,1.86235e-05
1.7028e+06,232.404,1.26811e-05
1.7064e+06,232.405,1.31688e-05
1.71e+06,232.405,1.36689e-05
1.7136e+06,232.406,1.59402e-05
1.7172e+06,232.406,1.78645e-05
1.7208e+06,232.407,1.16665e-05
1.7244e+06,232.407,1.79288e-05
1.728e+06,232.408,2.07432e-05
1.7316e+06,232.408,1.16807e-05
1.7352e+06,232.408,1.08752e-05
1.7388e+06,232.408,1.63494e-05
1.7424e+06,232.408,9.74979e-06
1.746e+06,232.408,1.5086e-05
1.7496e+06,232.408,1.09024e-05
1.7532e+06,232.407,1.12332e-05
1.7568e+06,232.406,1.7288e-05
1.7604e+06,232.406,9.98588e-06
1.764e+06,232.405,1.80565e-05
1.7676e+06,232.404,9.43955e-06
1.7712e+06,232.405,1.80527e-05
1.7748e+06,232.405,1.58871e-05
1.7784e+06,232.405,1.7565e-05
1.782e+06,232.406,1.58835e-05
1.7856e+06,232.406,1.5166e-05
1.7892e+06,232.406,1.82328e-05
1.7928e+06,232.407,2.05875e-05
1.7964e+06,232.408,1.23097e-05
1.8e+06,232.408,1.09384e-05
1.8036e+06,232.409,1.06505e-05
1.8072e+06,232.41,1.63095e-05
1.8108e+06,232.41,1.63169e-05
1.8144e+06,232.41,1.34794e-05
1.818e+06,232.41,1.18746e-05
1.8216e+06,232.41,1.39943e-05
1.8252e+06,232.41,1.23134e-05
1.8288e+06,232.41,1.87316e-05
1.8324e+06,232.41,1.53534e-05
1.836e+06,232.41,1.77417e-05
1.8396e+06,232.411,1.66867e-05
1.8432e+06,232.411,1.17641e-05
1.8468e+06,232.412,1.19173e-05
1.8504e+06,232.413,1.4042e-05
1.854e+06,232.413,1.47579e-05
1.8576e+06,232.413,1.6379e-05
1.8612e+06,232.414,1.32595e-05
1.8648e+06,232.414,1.65441e-05
1.8684e+06,232.414,1.81575e-05
1.872e+06,232.414,1.09921e-05
1.8756e+06,232.414,1.39823e-05
1.8792e+06,232.415,1.4098e-05
1.8828e+06,232.416,1.58615e-05
1.8864e+06,232.418,1.88751e-05
1.89e+06,232.419,1.29948e-05
1.8936e+06,232.42,1.22582e-05
1.8972e+06,232.421,1.35601e-05
1.9008e+06,232.422,1.38464e-05
1.9044e+06,232.422,1.82282e-05
1.908e+06,232.422,1.53097e-05
1.9116e+06,232.422,1.46467e-05
1.9152e+06,232.422,1.641e-05
1.9188e+06,232.422,1.97696e-05
1.9224e+06,232.424,1.37269e-05
1.926e+06,232.426,1.07851e-05
1.9296e+06,232.427,1.18044e-05
1.9332e+06,232.429,1.77849e-05
1.9368e+06,232.43,1.51059e-05
1.9404e+06,232.432,1.45781e-05
1.944e+06,232.432,1.63029e-05
1.9476e+06,232.433,1.73714e-05
1.9512e+06,232.433,1.48226e-05
1.9548e+06,232.434,1.40338e-05
1.9584e+06,232.434,1.65348e-05
1.962e+06,232.435,2.06362e-05
1.9656e+06,232.436,1.35172e-05
1.9692e+06,232.438,1.39112e-05
1.9728e+06,232.439,1.46556e-05
1.9764e+06,232.441,1.66184e-05
1.98e+06,232.442,1.76903e-05
1.9836e+06,232.443,1.2507e-05
1.9872e+06,232.443,1.4158e-05
1.9908e+06,232.443,1.64291e-05
1.9944e+06,232.443,1.64496e-05
1.998e+06,232.443,1.76654e-05
2.0016e+06,232.443,1.42269e-05
2.0052e+06,232.443,1.58738e-05
2.0088e+06,232.443,1.82064e-05
2.0124e+06,232.444,1.99783e-05
2.016e+06,232.444,1.13912e-05
2.0196e+06,232.444,1.22384e-05
2.0232e+06,232.444,1.02479e-05
2.0268e+06,232.444,1.2272e-05
2.0304e+06,232.444,1.14431e-05
2.034e+06,232.444,9.90346e-06
2.0376e+06,232.444,1.03732e-05
2.0412e+06,232.444,1.62881e-05
2.0448e+06,232.444,1.11004e-05
2.0484e+06,232.445,1.6515e-05
2.052e+06,232.445,1.07145e-05
2.0556e+06,232.445,1.3289e-05
2.0592e+06,232.445,1.49269e-05
2.0628e+06,232.445,1.69661e-05
2.0664e+06,232.445,1.79654e-05
2.07e+06,232.446,1.54538e-05
2.0736e+06,232.447,1.43609e-05
2.0772e+06,232.448,1.64988e-05
2.0808e+06,232.449,1.7376e-05
2.0844e+06,232.45,1.36405e-05
2.088e+06,232.452,1.58306e-05
2.0916e+06,232.453,1.89967e-05
2.0952e+06,232.454,1.32417e-05
2.0988e+06,232.455,1.20304e-05
2.1024e+06,232.456,1.38072e-05
2.106e+06,232.457,1.42703e-05
2.1096e+06,232.459,1.49691e-05
2.1132e+06,232.46,1.46017e-05
2.1168e+06,232.46,1.08471e-05
2.1204e+06,232.461,1.68427e-05
2.124e+06,232.462,1.75905e-05
2.1276e+06,232.463,1.42612e-05
2.1312e+06,232.463,1.4233e-05
2.1348e+06,232.464,1.6684e-05
2.1384e+06,232.464,1.77488e-05
2.142e+06,232.465,1.38278e-05
2.1456e+06,232.465,1.42582e-05
2.1492e+06,232.465,1.44862e-05
2.1528e+06,232.465,1.64094e-05
2.1564e+06,232.466,1.86964e-05
2.16e+06,232.466,1.21874e-05
2.1636e+06,232.467,1.8262e-05
2.1672e+06,232.467,1.56812e-05
2.1708e+06,232.468,1.80822e-05
2.1744e+06,232.468,1.71427e-05
2.178e+06,232.469,1.19738e-05
2.1816e+06,232.469,1.36128e-05
2.1852e+06,232.468,1.43473e-05
2.1888e+06,232.468,1.50161e-05
2.1924e+06,232.468,1.50376e-05
2.196e+06,232.468,2.06414e-05
2.1996e+06,232.468,1.31664e-05
2.2032e+06,232.469,1.38394e-05
2.2068e+06,232.47,1.41532e-05
2.2104e+06,232.47,1.62932e-05
2.214e+06,232.471,1.64713e-05
2.2176e+06,232.472,1.89323e-05
2.2212e+06,232.473,1.36844e-05
2.2248e+06,232.473,1.02048e-05
2.2284e+06,232.474,1.07043e-05
2.232e+06,232.475,1.0996e-05
2.2356e+06,232.475,1.123e-05
2.2392e+06,232.476,1.75677e-05
2.2428e+06,232.476,1.2213e-05
2.2464e+06,232.477,1.4253e-05
2.25e+06,232.477,1.62589e-05
2.2536e+06,232.478,1.67315e-05
2.2572e+06,232.478,1.87768e-05
2.2608e+06,232.479,1.38322e-05
2.2644e+06,232.479,1.41985e-05
2.268e+06,232.48,1.56346e-05
2.2716e+06,232.48,1.11799e-05
2.2752e+06,232.481,1.25951e-05
2.2788e+06,232.482,1.42815e-05
2.2824e+06,232.482,1.68043e-05
2.286e+06,232.483,1.67514e-05
2.2896e+06,232.484,1.44276e-05
2.2932e+06,232.485,1.3447e-05
2.2968e+06,232.486,1.61049e-05
2.3004e+06,232.487,1.60428e-05
2.304e+06,232.489,1.6561e-05
2.3076e+06,232.49,1.78248e-05
2.3112e+06,232.491,1.39897e-05
2.3148e+06,232.491,1.40021e-05
2.3184e+06,232.492,1.63217e-05
2.322e+06,232.493,1.93216e-05
2.3256e+06,232.494,1.22192e-05
2.3292e+06,232.495,1.24302e-05
2.3328e+06,232.495,1.2269e-05
2.3364e+06,232.496,1.53869e-05
2.34e+06,232.497,1.7341e-05
2.3436e+06,232.497,1.78344e-05
2.3472e+06,232.498,1.25438e-05
2.3508e+06,232.498,1.40224e-05
2.3544e+06,232.499,1.4337e-05
2.358e+06,232.5,1.64783e-05
2.3616e+06,232.5,1.68335e-05
2.3652e+06,232.501,1.18107e-05
2.3688e+06,232.502,1.12543e-05
2.3724e+06,232.502,1.41134e-05
2.376e+06,232.503,1.64013e-05
2.3796e+06,232.504,1.68998e-05
2.3832e+06,232.505,1.88945e-05
2.3868e+06,232.506,1.39721e-05
2.3904e+06,232.506,1.30765e-05
2.394e+06,232.507,1.0694e-05
2.3976e+06,232.508,1.19018e-05
2.4012e+06,232.509,1.78771e-05
2.4048e+06,232.509,1.53414e-05
2.4084e+06,232.51,1.76941e-05
2.412e+06,232.511,1.8986e-05
2.4156e+06,232.511,1.38921e-05
2.4192e+06,232.513,1.27832e-05
2.4228e+06,232.514,1.46355e-05
2.4264e+06,232.515,1.70139e-05
2.43e+06,232.517,1.69089e-05
2.4336e+06,232.518,1.41307e-05
2.4372e+06,232.519,1.44147e-05
2.4408e+06,232.521,1.46954e-05
2.4444e+06,232.522,1.69513e-05
2.448e+06,232.523,1.78164e-05
2.4516e+06,232.524,1.41391e-05
2.4552e+06,232.525,1.45725e-05
2.4588e+06,232.526,1.69928e-05
2.4624e+06,232.527,1.83791e-05
2.466e+06,232.528,1.42537e-05
2.4696e+06,232.529,1.46453e-05
2.4732e+06,232.529,1.59397e-05
2.4768e+06,232.53,1.76437e-05
2.4804e+06,232.531,1.78756e-05
2.484e+06,232.532,1.40826e-05
2.4876e+06,232.533,1.42681e-05
2.4912e+06,232.534,1.6533e-05
2.4948e+06,232.535,1.69015e-05
2.4984e+06,232.536,1.30395e-05
2.502e+06,232.537,1.28724e-05
2.5056e+06,232.538,1.65652e-05
2.5092e+06,232.539,1.70867e-05
2.5128e+06,232.54,1.35467e-05
2.5164e+06,232.54,1.40208e-05
2.52e+06,232.541,1.41923e-05
2.5236e+06,232.542,1.66078e-05
2.5272e+06,232.543,1.68617e-05
2.5308e+06,232.544,1.72287e-05
2.5344e+06,232.545,1.23641e-05
2.538e+06,232.546,2.00199e-05
2.5416e+06,232.546,2.17658e-05
2.5452e+06,232.547,1.24099e-05
2.5488e+06,232.548,1.14526e-05
2.5524e+06,232.55,9.95512e-06
2.556e+06,232.551,9.95524e-06
2.5596e+06,232.552,9.70887e-06
2.5632e+06,232.553,1.53322e-05
2.5668e+06,232.554,9.71428e-06
2.5704e+06,232.555,1.09474e-05
2.574e+06,232.555,1.14586e-05
2.5776e+06,232.556,1.30628e-05
2.5812e+06,232.556,1.48259e-05
2.5848e+06,232.557,1.72247e-05
2.5884e+06,232.558,1.70851e-05
2.592e+06,232.558,1.43125e-05
2.5956e+06,232.559,1.4806e-05
2.5992e+06,232.56,1.47901e-05
2.6028e+06,232.561,1.713e-05
2.6064e+06,232.562,1.37623e-05
2.61e+06,232.563,1.59407e-05
2.6136e+06,232.565,1.45677e-05
2.6172e+06,232.566,1.64508e-05
2.6208e+06,232.568,1.24321e-05
2.6244e+06,232.569,1.27878e-05
2.628e+06,232.57,1.43341e-05
2.6316e+06,232.572,1.6228e-05
2.6352e+06,232.573,1.70067e-05
2.6388e+06,232.574,1.25432e-05
2.6424e+06,232.574,1.81296e-05
2.646e+06,232.575,1.81799e-05
2.6496e+06,232.576,1.51252e-05
2.6532e+06,232.577,1.55646e-05
2.6568e+06,232.578,1.62768e-05
2.6604e+06,232.579,1.2092e-05
2.664e+06,232.58,1.53896e-05
2.6676e+06,232.581,1.75121e-05
2.6712e+06,232.582,1.38114e-05
2.6748e+06,232.582,1.38148e-05
2.6784e+06,232.583,1.6783e-05
2.682e+06,232.584,1.72225e-05
2.6856e+06,232.585,1.44282e-05
2.6892e+06,232.586,1.48383e-05
2.6928e+06,232.587,1.54823e-05
2.6964e+06,232.587,1.72685e-05
2.7e+06,232.588,1.81622e-05
2.7036e+06,232.589,1.38267e-05
2.7072e+06,232.59,1.49574e-05
2.7108e+06,232.591,1.70847e-05
2.7144e+06,232.592,1.99189e-05
2.718e+06,232.592,1.36608e-05
2.7216e+06,232.594,1.25023e-05
2.7252e+06,232.595,1.39042e-05
2.7288e+06,232.597,1.54429e-05
2.7324e+06,232.598,1.387e-05
2.736e+06,232.599,1.78246e-05
2.7396e+06,232.601,1.27821e-05
2.7432e+06,232.602,1.59686e-05
2.7468e+06,232.603,1.42158e-05
2.7504e+06,232.604,1.63753e-05
2.754e+06,232.605,1.82334e-05
2.7576e+06,232.607,1.21601e-05
2.7612e+06,232.608,1.21565e-05
2.7648e+06,232.608,1.26429e-05
2.7684e+06,232.608,1.37742e-05
2.772e+06,232.608,1.09431e-05
2.7756e+06,232.608,1.16974e-05
2.7792e+06,232.608,1.32944e-05
2.7828e+06,232.608,1.66586e-05
2.7864e+06,232.608,1.95071e-05
2.79e+06,232.609,9.84718e-06
2.7936e+06,232.61,1.54926e-05
2.7972e+06,232.611,1.39382e-05
2.8008e+06,232.612,1.28863e-05
2.8044e+06,232.612,1.26941e-05
2.808e+06,232.614,1.90887e-05
2.8116e+06,232.615,1.58056e-05
2.8152e+06,232.616,1.7611e-05
2.8188e+06,232.617,1.50412e-05
2.8224e+06,232.619,1.16324e-05
2.826e+06,232.62,1.33256e-05
2.8296e+06,232.621,1.17497e-05
2.8332e+06,232.621,1.33394e-05
2.8368e+06,232.622,1.09926e-05
2.8404e+06,232.622,1.61934e-05
2.844e+06,232.623,1.2312e-05
2.8476e+06,232.624,1.39899e-05
2.8512e+06,232.625,1.5111e-05
2.8548e+06,232.626,1.55962e-05
2.8584e+06,232.626,1.11674e-05
2.862e+06,232.627,1.40245e-05
2.8656e+06,232.628,1.50865e-05
2.8692e+06,232.629,1.73561e-05
2.8728e+06,232.63,1.74681e-05
2.8764e+06,232.632,1.43421e-05
2.88e+06,232.633,1.46683e-05
2.8836e+06,232.634,1.68875e-05
2.8872e+06,232.636,1.73216e-05
2.8908e+06,232.637,1.74702e-05
2.8944e+06,232.638,1.40444e-05
2.898e+06,232.639,1.39121e-05
2.9016e+06,232.641,1.57513e-05
2.9052e+06,232.642,1.75131e-05
2.9088e+06,232.643,1.54316e-05
2.9124e+06,232.644,1.51159e-05
2.916e+06,232.645,1.75471e-05
2.9196e+06,232.646,1.40744e-05
2.9232e+06,232.647,1.40428e-05
2.9268e+06,232.648,1.51902e-05
2.9304e+06,232.649,1.74608e-05
2.934e+06,232.65,1.75405e-05
2.9376e+06,232.652,1.82011e-05
2.9412e+06,232.653,1.28327e-05
2.9448e+06,232.655,1.97431e-05
2.9484e+06,232.656,1.72784e-05
2.952e+06,232.658,1.96434e-05
2.9556e+06,232.659,9.94916e-06
2.9592e+06,232.661,1.85436e-05
2.9628e+06,232.662,1.1458e-05
2.9664e+06,232.664,1.68308e-05
2.97e+06,232.665,2.01014e-05
2.9736e+06,232.666,1.12533e-05
2.9772e+06,232.668,1.40221e-05
2.9808e+06,232.669,1.69067e-05
2.9844e+06,232.67,1.28114e-05
2.988e+06,232.671,1.3196e-05
2.9916e+06,232.672,1.48235e-05
2.9952e+06,232.673,1.70561e-05
2.9988e+06,232.674,1.74629e-05
3.0024e+06,232.675,1.40986e-05
3.006e+06,232.676,1.41563e-05
3.0096e+06,232.677,1.40929e-05
3.0132e+06,232.679,1.57393e-05
3.0168e+06,232.68,1.32122e-05
3.0204e+06,232.681,1.48245e-05
3.024e+06,232.682,1.51403e-05
3.0276e+06,232.683,1.727e-05
3.0312e+06,232.684,1.75456e-05
3.0348e+06,232.685,1.32184e-05
3.0384e+06,232.686,1.42075e-05
3.042e+06,232.687,1.53352e-05
3.0456e+06,232.688,1.7718e-05
3.0492e+06,232.689,1.54034e-05
3.0528e+06,232.69,1.77098e-05
3.0564e+06,232.691,1.54241e-05
3.06e+06,232.691,1.77242e-05
3.0636e+06,232.692,1.42414e-05
3.0672e+06,232.694,1.4788e-05
3.0708e+06,232.695,1.76773e-05
3.0744e+06,232.697,1.79828e-05
3.078e+06,232.699,1.29204e-05
3.0816e+06,232.7,1.36199e-05
3.0852e+06,232.702,2.02187e-05
3.0888e+06,232.703,1.71891e-05
3.0924e+06,232.704,1.91808e-05
3.096e+06,232.705,1.32247e-05
3.0996e+06,232.706,1.28907e-05
3.1032e+06,232.707,1.00021e-05
3.1068e+06,232.708,1.00105e-05
3.1104e+06,232.709,1.13548e-05
3.114e+06,232.71,1.35968e-05
3.1176e+06,232.711,1.54703e-05
3.1212e+06,232.711,1.6077e-05
3.1248e+06,232.712,1.78262e-05
3.1284e+06,232.713,1.50228e-05
3.132e+06,232.715,1.539e-05
3.1356e+06,232.716,1.80323e-05
3.1392e+06,232.718,1.81798e-05
3.1428e+06,232.72,1.43186e-05
3.1464e+06,232.721,1.42113e-05
3.15e+06,232.723,1.61616e-05
3.1536e+06,232.724,1.78627e-05
3.1572e+06,232.725,1.88204e-05
3.1608e+06,232.725,1.43172e-05
3.1644e+06,232.726,1.55822e-05
3.168e+06,232.727,1.65952e-05
3.1716e+06,232.727,1.78695e-05
3.1752e+06,232.729,2.01006e-05
3.1788e+06,232.73,1.49719e-05
3.1824e+06,232.731,1.37021e-05
3.186e+06,232.733,1.42796e-05
3.1896e+06,232.734,1.43199e-05
3.1932e+06,232.735,1.00937e-05
3.1968e+06,232.736,1.59505e-05
3.2004e+06,232.737,1.89148e-05
3.204e+06,232.738,1.34236e-05
3.2076e+06,232.739,1.29847e-05
3.2112e+06,232.739,1.51552e-05
3.2148e+06,232.74,1.73844e-05
3.2184e+06,232.741,1.71896e-05
3.222e+06,232.743,1.78088e-05
3.2256e+06,232.744,1.34287e-05
3.2292e+06,232.745,1.67073e-05
3.2328e+06,232.746,1.48343e-05
3.2364e+06,232.747,1.50548e-05
3.24e+06,232.749,1.70305e-05
3.2436e+06,232.75,1.82181e-05
3.2472e+06,232.752,1.44113e-05
3.2508e+06,232.753,1.07593e-05
3.2544e+06,232.755,1.1391e-05
3.258e+06,232.756,1.01596e-05
3.2616e+06,232.757,1.01078e-05
3.2652e+06,232.757,1.01164e-05
3.2688e+06,232.758,1.60195e-05
3.2724e+06,232.759,1.57556e-05
3.276e+06,232.76,1.57542e-05
3.2796e+06,232.76,1.47666e-05
3.2832e+06,232.761,1.83949e-05
3.2868e+06,232.763,1.72782e-05
3.2904e+06,232.764,2.1271e-05
3.294e+06,232.765,1.51603e-05
3.2976e+06,232.766,1.42109e-05
3.3012e+06,232.768,1.56905e-05
3.3048e+06,232.769,1.63349e-05
3.3084e+06,232.77,1.80914e-05
3.312e+06,232.771,1.32065e-05
3.3156e+06,232.772,1.44272e-05
3.3192e+06,232.773,1.73402e-05
3.3228e+06,232.774,1.6069e-05
3.3264e+06,232.775,1.35371e-05
3.33e+06,232.777,1.3092e-05
3.3336e+06,232.778,1.44713e-05
3.3372e+06,232.779,1.6101e-05
3.3408e+06,232.781,1.15381e-05
3.3444e+06,232.782,1.78987e-05
3.348e+06,232.783,1.50338e-05
3.3516e+06,232.784,1.64098e-05
3.3552e+06,232.785,1.83774e-05
3.3588e+06,232.786,1.34983e-05
3.3624e+06,232.787,1.3105e-05
3.366e+06,232.788,1.01666e-05
3.3696e+06,232.788,1.6085e-05
3.3732e+06,232.789,1.32606e-05
3.3768e+06,232.79,1.02195e-05
3.3804e+06,232.791,1.6114e-05
3.384e+06,232.791,1.91605e-05
3.3876e+06,232.792,1.1599e-05
3.3912e+06,232.794,1.31571e-05
3.3948e+06,232.796,1.44911e-05
3.3984e+06,232.798,1.61387e-05
3.402e+06,232.799,1.15949e-05
3.4056e+06,232.801,1.4484e-05
3.4092e+06,232.803,1.65475e-05
3.4128e+06,232.804,1.6159e-05
3.4164e+06,232.805,1.36937e-05
3.42e+06,232.806,1.31514e-05
3.4236e+06,232.806,1.45226e-05
3.4272e+06,232.807,1.65483e-05
3.4308e+06,232.808,1.81536e-05
3.4344e+06,232.809,1.36916e-05
3.438e+06,232.811,1.45038e-05
3.4416e+06,232.812,1.6595e-05
3.4452e+06,232.813,1.61895e-05
3.4488e+06,232.814,1.92649e-05
3.4524e+06,232.815,1.32968e-05
3.456e+06,232.817,2.01176e-05
3.4596e+06,232.818,1.79031e-05
3.4632e+06,232.82,1.61737e-05
3.4668e+06,232.821,1.62116e-05
3.4704e+06,232.823,1.62523e-05
3.474e+06,232.824,1.1616e-05
3.4776e+06,232.826,1.4546e-05
3.4812e+06,232.827,1.16213e-05
3.4848e+06,232.829,1.83349e-05
3.4884e+06,232.83,1.33946e-05
3.492e+06,232.832,1.93026e-05
3.4956e+06,232.833,1.03005e-05
3.4992e+06,232.834,1.16732e-05
3.5028e+06,232.836,1.32956e-05
3.5064e+06,232.837,1.79787e-05
3.51e+06,232.838,1.82619e-05
3.5136e+06,232.839,1.37685e-05
3.5172e+06,232.84,1.33279e-05
3.5208e+06,232.841,1.60772e-05
3.5244e+06,232.842,1.84695e-05
3.528e+06,232.843,1.475e-05
3.5316e+06,232.844,1.47603e-05
3.5352e+06,232.845,1.81106e-05
3.5388e+06,232.846,1.63107e-05
3.5424e+06,232.847,1.62946e-05
3.546e+06,232.849,1.1712e-05
3.5496e+06,232.85,1.60518e-05
3.5532e+06,232.852,1.16087e-05
3.5568e+06,232.853,1.38295e-05
3.5604e+06,232.854,1.48157e-05
3.564e+06,232.856,1.60243e-05
3.5676e+06,232.857,1.85177e-05
3.5712e+06,232.858,1.84493e-05
3.5748e+06,232.86,1.9262e-05
3.5784e+06,232.861,1.34501e-05
3.582e+06,232.862,2.07981e-05
3.5856e+06,232.864,1.03827e-05
3.5892e+06,232.865,1.6865e-05
3.5928e+06,232.866,2.09142e-05
3.5964e+06,232.867,1.03414e-05
