#optical constants for S8 aerosols, 0.1 um radius
#k, w and g from Kerber++ (2015), interpolated to be on one wavelength grid
#wav[um] k[m^2/kg] w(ssa) g(HG)
1.1847522310e-01 9.3464360854e+03 4.8870887750e-01 6.2376000000e-01
1.1941047541e-01 9.4763120333e+03 4.8870887750e-01 6.2376000000e-01
1.2130489306e-01 9.7393846671e+03 4.9892400393e-01 6.2376000000e-01
1.2549308676e-01 9.7641364010e+03 5.2150768722e-01 6.2376000000e-01
1.3463494884e-01 9.8181637344e+03 5.1156560051e-01 6.2376000000e-01
1.3629037709e-01 9.8279471213e+03 5.0915652728e-01 6.2376000000e-01
1.4912953571e-01 9.9078038302e+03 4.9047225437e-01 6.2376000000e-01
1.5048865680e-01 9.9162572609e+03 4.9045227111e-01 6.2376000000e-01
1.5904083575e-01 9.6440542425e+03 4.9032652781e-01 6.2376000000e-01
1.6389046475e-01 9.4875778822e+03 4.9025522337e-01 6.2376000000e-01
1.6481666805e-01 9.4576933443e+03 4.8688471369e-01 6.2376000000e-01
1.6949059475e-01 9.6291172906e+03 4.6987601256e-01 6.2376000000e-01
1.7497450003e-01 9.8302485329e+03 4.5792031741e-01 6.2376000000e-01
1.7691366767e-01 9.9013706945e+03 4.5994960500e-01 6.2357269813e-01
1.9134414951e-01 1.0084321855e+04 4.7505072213e-01 6.1668880038e-01
1.9484807926e-01 1.0128745043e+04 4.7648260412e-01 6.1579722058e-01
2.0941527335e-01 1.0284309120e+04 4.8243549254e-01 6.2060004821e-01
2.1738033430e-01 1.0369368559e+04 4.8441837525e-01 6.1625584399e-01
2.3178156443e-01 1.0384808389e+04 4.8800352675e-01 6.1117142487e-01
2.4254054244e-01 1.0396343292e+04 4.9021140204e-01 6.4395270166e-01
2.5872858096e-01 1.0025341309e+04 4.9353338765e-01 6.3355799422e-01
2.6052884414e-01 1.0028301642e+04 4.9390282391e-01 6.3246583455e-01
2.8626591252e-01 1.0070623385e+04 4.8712449751e-01 6.1928999283e-01
2.9330626372e-01 1.0175339374e+04 4.8527029261e-01 6.1775937363e-01
3.0414917963e-01 1.0336613525e+04 4.8718130685e-01 6.2892690364e-01
3.2129149536e-01 1.0470197395e+04 4.9020256143e-01 6.3093609561e-01
3.3161917940e-01 1.0550677303e+04 4.9547935849e-01 5.8966440260e-01
3.4917057140e-01 1.0800534368e+04 5.0444701604e-01 4.7052719497e-01
3.4989442601e-01 1.0810838975e+04 5.6152656012e-01 4.6593916313e-01
3.5186171626e-01 1.1164899556e+04 7.1665720036e-01 4.5830159606e-01
3.5265405485e-01 1.1148502642e+04 7.7913704745e-01 4.5533587269e-01
3.5440880729e-01 1.1112189223e+04 8.0082658291e-01 4.4876783430e-01
3.5617229111e-01 1.1075695114e+04 8.2304513143e-01 4.4216711437e-01
3.5794454976e-01 1.1039019415e+04 8.4505207472e-01 4.3553355026e-01
3.6234469359e-01 1.0947961404e+04 8.7718351412e-01 4.2373209683e-01
3.6981224206e-01 1.0793425520e+04 9.1358193798e-01 4.1064895191e-01
3.6986692735e-01 1.0792293845e+04 9.1364474016e-01 4.1055314328e-01
3.7798633845e-01 1.0444216034e+04 9.2296930779e-01 4.0777235804e-01
3.8199028912e-01 1.0206797620e+04 9.2756756109e-01 4.0877198852e-01
3.9139654487e-01 9.9113531274e+03 9.3836997851e-01 4.1804879724e-01
3.9498630720e-01 9.7986009826e+03 9.5148937452e-01 4.2490883305e-01
3.9776151928e-01 9.7197470702e+03 9.6163185834e-01 4.3021226334e-01
4.0887197458e-01 9.4040584514e+03 9.7893141226e-01 4.5805396448e-01
4.1213118516e-01 9.2902243022e+03 9.8400617182e-01 4.6755437710e-01
4.1983270581e-01 9.0212339964e+03 9.8892801558e-01 4.9105941813e-01
4.2699285914e-01 8.7585916132e+03 9.9350388540e-01 5.1229683449e-01
4.3699034552e-01 8.4871965088e+03 9.9989302180e-01 5.3731575609e-01
4.4160730655e-01 8.3618629429e+03 9.9984199734e-01 5.4599714222e-01
4.5873254580e-01 8.0513826071e+03 9.9965273732e-01 5.5360926958e-01
4.7141511078e-01 7.3273964585e+03 9.9951257563e-01 5.3971874371e-01
4.8110031593e-01 7.0264283667e+03 9.9940553934e-01 5.2166959643e-01
4.8692766197e-01 6.8119910587e+03 9.9934113828e-01 5.0869209678e-01
4.9010623493e-01 6.6950244976e+03 9.9932789688e-01 5.0158579373e-01
5.0916194499e-01 6.4018669470e+03 9.9924851397e-01 4.5367201196e-01
5.2328920428e-01 6.0809478998e+03 9.9918966217e-01 4.1958653072e-01
5.3490062400e-01 5.7864335844e+03 9.9914129093e-01 3.9397147212e-01
5.4311047233e-01 5.5864878524e+03 9.9910709008e-01 3.7694882289e-01
5.4570262144e-01 5.5233576787e+03 9.9910629435e-01 3.7180599906e-01
5.6069725551e-01 5.2261057489e+03 9.9910169133e-01 3.4404349153e-01
5.7526424778e-01 4.9310696008e+03 9.9909721959e-01 3.2033620869e-01
5.9293481550e-01 4.6170066318e+03 9.9909179513e-01 2.9482430428e-01
6.0577578189e-01 4.4599364577e+03 9.9908785324e-01 2.7851018282e-01
6.1803547773e-01 4.3099763611e+03 9.9910697334e-01 2.6441222947e-01
6.3710435839e-01 4.0230272810e+03 9.9913671297e-01 2.4468456364e-01
6.5711817533e-01 3.7663391420e+03 9.9916792632e-01 2.2671531462e-01
6.7567155601e-01 3.5376748941e+03 9.9919686199e-01 2.1209006322e-01
6.7775428595e-01 3.5120059401e+03 9.9919788982e-01 2.1055509125e-01
6.9899214066e-01 3.2741572975e+03 9.9920837075e-01 1.9580325004e-01
7.2090573142e-01 3.0327762494e+03 9.9921918515e-01 1.8254554455e-01
7.4348168999e-01 2.7996374810e+03 9.9923032644e-01 1.7033870993e-01
7.5363206197e-01 2.6989942140e+03 9.9923533567e-01 1.6532024231e-01
7.6675738251e-01 2.5688536496e+03 9.9919613630e-01 1.5918863357e-01
7.9446237224e-01 2.3335954378e+03 9.9911339410e-01 1.4748951348e-01
8.3337917615e-01 2.0893295918e+03 9.9899716731e-01 1.3316121764e-01
8.4058782671e-01 2.0387591387e+03 9.9897563835e-01 1.3069898410e-01
8.6812293336e-01 1.8455936066e+03 9.9890828195e-01 1.1987768719e-01
9.0883079319e-01 1.6023874823e+03 9.9880870236e-01 1.0387949828e-01
9.3757674343e-01 1.4754011217e+03 9.9873838401e-01 9.2582339832e-02
9.6092681676e-01 1.3722512586e+03 9.9875014851e-01 8.3405761013e-02
1.0210969493e+00 1.1391124902e+03 9.9878046414e-01 5.9758898941e-02
1.0457564598e+00 1.0609553189e+03 9.9879288838e-01 5.0067711293e-02
1.0903959419e+00 9.1947255735e+02 9.9889964002e-01 3.2524394819e-02
1.1664181955e+00 7.3028409736e+02 9.9908144096e-01 2.6476491564e-03
1.1701149408e+00 7.2108440227e+02 9.9907827058e-01 1.1948282473e-03
1.3010021541e+00 5.2820157740e+02 9.9896601993e-01 0.0000000000e+00
1.3067458887e+00 5.1973728408e+02 9.9897926894e-01 0.0000000000e+00
1.4511147129e+00 3.6092894265e+02 9.9931228302e-01 0.0000000000e+00
1.4591330888e+00 3.5210858281e+02 9.9930245631e-01 0.0000000000e+00
1.6185475969e+00 2.3998366736e+02 9.9910709008e-01 0.0000000000e+00
1.6289756506e+00 2.3264904857e+02 9.9910279340e-01 0.0000000000e+00
1.8032987319e+00 1.4738962292e+02 9.9903096700e-01 0.0000000000e+00
1.8052992641e+00 1.4609075248e+02 9.9903014272e-01 0.0000000000e+00
1.9819850065e+00 3.1375331012e+01 9.9904645997e-01 0.0000000000e+00
2.0135987593e+00 3.6577510743e+01 9.9904937956e-01 0.0000000000e+00
2.2201098360e+00 7.0559801507e+01 9.9809184793e-01 0.0000000000e+00
2.2459323194e+00 6.9818563847e+01 9.9797211660e-01 0.0000000000e+00
2.4774136616e+00 6.3173862562e+01 9.9735841680e-01 0.0000000000e+00
2.5050730490e+00 6.2099028244e+01 9.9728508666e-01 0.0000000000e+00
2.7645801246e+00 5.2014672200e+01 9.9677106168e-01 0.0000000000e+00
2.7941140196e+00 5.2014672200e+01 9.9671256170e-01 0.0000000000e+00
3.0848947883e+00 5.2014672200e+01 9.9454372798e-01 0.0000000000e+00
3.1165051885e+00 5.0731303232e+01 9.9430795688e-01 0.0000000000e+00
3.4425231977e+00 3.7495108995e+01 9.9299366190e-01 0.0000000000e+00
3.4760945765e+00 3.6484904308e+01 9.9285832369e-01 0.0000000000e+00
3.8415722900e+00 2.5487223784e+01 9.9075724508e-01 0.0000000000e+00
3.8771741980e+00 2.4617022428e+01 9.9055257485e-01 0.0000000000e+00
4.2868588384e+00 1.4603285805e+01 9.8865631320e-01 0.0000000000e+00
4.3245312896e+00 1.8552472558e+01 9.8848194292e-01 0.0000000000e+00
4.8235054501e+00 7.0859717750e+01 9.8694299584e-01 0.0000000000e+00
4.8247078810e+00 7.0985768063e+01 9.8693987872e-01 0.0000000000e+00
5.2433729214e+00 3.6231884058e-02 9.8585455355e-01 0.0000000000e+00
5.3800523730e+00 3.6231884058e-02 9.8550023295e-01 0.0000000000e+00
6.0008149334e+00 3.6231884058e-02 9.8492312779e-01 0.0000000000e+00
6.1256849603e+00 3.6231884058e-02 9.8468220373e-01 0.0000000000e+00
6.6932024762e+00 3.8263033711e+00 9.8358723622e-01 0.0000000000e+00
6.8483469245e+00 4.8624098054e+00 9.8302062198e-01 0.0000000000e+00
7.4793878052e+00 1.0298647726e+00 9.8071595200e-01 0.0000000000e+00
7.6151802806e+00 2.0514676599e-01 9.5452251061e-01 0.0000000000e+00
7.6429926599e+00 3.6231884058e-02 9.4465832970e-01 0.0000000000e+00
7.7379530273e+00 3.6231884058e-02 9.1097885785e-01 0.0000000000e+00
7.7678831780e+00 3.6231884058e-02 9.3655621945e-01 0.0000000000e+00
7.7916461892e+00 3.6231884058e-02 8.5470452840e-01 0.0000000000e+00
7.8844164939e+00 3.6231884058e-02 8.3613820466e-01 0.0000000000e+00
7.8994825484e+00 3.6231884058e-02 8.8351539352e-01 0.0000000000e+00
8.2037902958e+00 3.6231884058e-02 9.7222681435e-01 0.0000000000e+00
8.2446110970e+00 3.6231884058e-02 9.2567366507e-01 0.0000000000e+00
8.2993549678e+00 3.6231884058e-02 9.4260208299e-01 0.0000000000e+00
8.3623646305e+00 3.6231884058e-02 9.9089431772e-01 0.0000000000e+00
8.5284725275e+00 3.6231884058e-02 9.9100729270e-01 0.0000000000e+00
9.2482055707e+00 3.6231884058e-02 9.9149680482e-01 0.0000000000e+00
9.5169082530e+00 3.6231884058e-02 9.8212440528e-01 0.0000000000e+00
9.7940193553e+00 3.6231884058e-02 9.7245871849e-01 0.0000000000e+00
1.0580987755e+01 3.6231884058e-02 9.4501594999e-01 0.0000000000e+00
1.0619573081e+01 3.6231884058e-02 9.0254671007e-01 0.0000000000e+00
1.0628360421e+01 3.6231884058e-02 8.9287485535e-01 0.0000000000e+00
1.0672413091e+01 3.6231884058e-02 9.1643998257e-01 0.0000000000e+00
1.0734393749e+01 3.6231884058e-02 8.4608658915e-01 0.0000000000e+00
1.0817866101e+01 3.6231884058e-02 7.5148409204e-01 0.0000000000e+00
1.0823562479e+01 3.6231884058e-02 8.7189067063e-01 0.0000000000e+00
1.0864828454e+01 3.6231884058e-02 7.7564556125e-01 0.0000000000e+00
1.0886420946e+01 3.6231884058e-02 9.6587865763e-01 0.0000000000e+00
1.0908056351e+01 3.6231884058e-02 9.8971699376e-01 0.0000000000e+00
1.0931543230e+01 3.6231884058e-02 8.2454400176e-01 0.0000000000e+00
1.0937396236e+01 3.6231884058e-02 7.2166133440e-01 0.0000000000e+00
1.0953128909e+01 3.6231884058e-02 4.9334791510e-01 0.0000000000e+00
1.0975784283e+01 3.6231884058e-02 6.8581291998e-01 0.0000000000e+00
1.0995028802e+01 3.6231884058e-02 5.8633583312e-01 0.0000000000e+00
1.1621642372e+01 3.6231884058e-02 4.1676310134e-01 0.0000000000e+00
1.1669812019e+01 3.6231884058e-02 4.4032822856e-01 0.0000000000e+00
1.1737585130e+01 3.6231884058e-02 2.7137267868e-01 0.0000000000e+00
1.1747299080e+01 3.6231884058e-02 4.7083999192e-01 0.0000000000e+00
1.1801845954e+01 3.6231884058e-02 3.9207582521e-01 0.0000000000e+00
1.1849950926e+01 3.6231884058e-02 3.0893623869e-01 0.0000000000e+00
1.1903820151e+01 3.6231884058e-02 1.9265393228e-01 0.0000000000e+00
1.1931121274e+01 3.6231884058e-02 8.6903111767e-02 0.0000000000e+00
1.1967010968e+01 3.6231884058e-02 2.4331735273e-01 0.0000000000e+00
1.2022578041e+01 3.6231884058e-02 1.3474036112e-01 0.0000000000e+00
1.2127462685e+01 3.6231884058e-02 7.3975202513e-01 0.0000000000e+00
1.2182766930e+01 3.6231884058e-02 7.1759519480e-01 0.0000000000e+00
1.2263659990e+01 3.6231884058e-02 6.5385713642e-01 0.0000000000e+00
1.2311095428e+01 3.6231884058e-02 6.8432615125e-01 0.0000000000e+00
1.2339984986e+01 3.6231884058e-02 4.9188295586e-01 0.0000000000e+00
1.2361440982e+01 3.6231884058e-02 7.8770705902e-01 0.0000000000e+00
1.2474145699e+01 3.6231884058e-02 8.1896417354e-01 0.0000000000e+00
1.2634377405e+01 3.6231884058e-02 1.9351959001e-01 0.0000000000e+00
1.2906017053e+01 3.6231884058e-02 4.3081973408e-01 0.0000000000e+00
1.2994783515e+01 3.6231884058e-02 4.6234639334e-01 0.0000000000e+00
1.3222930863e+01 3.6231884058e-02 8.3497275941e-01 0.0000000000e+00
1.3256514865e+01 3.6231884058e-02 8.8982452273e-01 0.0000000000e+00
1.3277309731e+01 3.6231884058e-02 9.1826748223e-01 0.0000000000e+00
1.3321317189e+01 3.6231884058e-02 9.3946327217e-01 0.0000000000e+00
1.3330136168e+01 3.6231884058e-02 8.3426020830e-01 0.0000000000e+00
1.3543552103e+01 3.6231884058e-02 7.2445633388e-01 0.0000000000e+00
1.3588442018e+01 3.6231884058e-02 9.9688987904e-01 0.0000000000e+00
1.3600279862e+01 3.6231884058e-02 8.0260852163e-01 0.0000000000e+00
1.3651537971e+01 3.6231884058e-02 2.3732187138e-01 0.0000000000e+00
1.3678668701e+01 3.6231884058e-02 6.6980768171e-01 0.0000000000e+00
1.3832286805e+01 3.6231884058e-02 6.1434947925e-01 0.0000000000e+00
1.3842589139e+01 3.6231884058e-02 6.3945114895e-01 0.0000000000e+00
1.3906865187e+01 3.6231884058e-02 4.7389651182e-01 0.0000000000e+00
1.4092160327e+01 3.6231884058e-02 4.2459249463e-01 0.0000000000e+00
1.4162280754e+01 3.6231884058e-02 3.7497106960e-01 0.0000000000e+00
1.4232750089e+01 3.6231884058e-02 4.5273598942e-01 0.0000000000e+00
1.4518151365e+01 3.6231884058e-02 3.4987233886e-01 0.0000000000e+00
1.4662991006e+01 3.6231884058e-02 2.7777694285e-01 0.0000000000e+00
1.4683800007e+01 3.6231884058e-02 2.2767871903e-01 0.0000000000e+00
1.4754989426e+01 3.6231884058e-02 2.3757360527e-01 0.0000000000e+00
1.4870657454e+01 3.6231884058e-02 2.5365074117e-01 0.0000000000e+00
1.5156307064e+01 3.6231884058e-02 1.6230781947e-01 0.0000000000e+00
1.5193968002e+01 3.6231884058e-02 1.7738469168e-01 0.0000000000e+00
1.5326519765e+01 3.6231884058e-02 1.2889182785e-01 0.0000000000e+00
1.5387317548e+01 3.6231884058e-02 2.0455329098e-01 0.0000000000e+00
1.6033332596e+01 3.6231884058e-02 2.6334931394e-01 0.0000000000e+00
1.6436219107e+01 3.6231884058e-02 2.3541742437e-01 0.0000000000e+00
1.6464558064e+01 3.6231884058e-02 2.3373639769e-01 0.0000000000e+00
1.6849229374e+01 3.6231884058e-02 2.1091824177e-01 0.0000000000e+00
1.6996221592e+01 3.6231884058e-02 1.6468837824e-01 0.0000000000e+00
1.7017324902e+01 3.6231884058e-02 1.8332406559e-01 0.0000000000e+00
1.7177064088e+01 3.6231884058e-02 1.2356539243e-01 0.0000000000e+00
1.8161592105e+01 3.6231884058e-02 1.4908249297e-01 0.0000000000e+00
1.8241898202e+01 3.6231884058e-02 1.7235906761e-01 0.0000000000e+00
1.8372203761e+01 3.6231884058e-02 1.3936210664e-01 0.0000000000e+00
1.8644673126e+01 3.6231884058e-02 7.0365349645e-02 0.0000000000e+00
1.8669367593e+01 3.6231884058e-02 1.2721661983e-01 0.0000000000e+00
1.8674984532e+01 3.6231884058e-02 9.8874344369e-02 0.0000000000e+00
2.0131427121e+01 3.6231884058e-02 5.5296034764e-02 0.0000000000e+00
2.0195765604e+01 3.6231884058e-02 9.3569184989e-03 0.0000000000e+00
2.0346689503e+01 3.6231884058e-02 8.5071912713e-02 0.0000000000e+00
2.0500876473e+01 3.6231884058e-02 7.7160931804e-02 0.0000000000e+00
2.1500330524e+01 3.6231884058e-02 2.5881229221e-02 0.0000000000e+00
2.2521698631e+01 3.6231884058e-02 6.7788841272e-03 0.0000000000e+00
2.2876185220e+01 3.6231884058e-02 6.6110368468e-03 0.0000000000e+00
2.5062821969e+01 3.6231884058e-02 5.5756774223e-03 0.0000000000e+00
2.5526706184e+01 3.6231884058e-02 5.8842620679e-03 0.0000000000e+00
2.7954626818e+01 3.6231884058e-02 7.4993612768e-03 0.0000000000e+00
2.8484326488e+01 3.6231884058e-02 7.4045866800e-03 0.0000000000e+00
3.1180094623e+01 3.6231884058e-02 6.9222561205e-03 0.0000000000e+00
3.1784627818e+01 3.6231884058e-02 6.4373823732e-03 0.0000000000e+00
3.4777724168e+01 3.6231884058e-02 4.0367303386e-03 0.0000000000e+00
3.5467314487e+01 3.6231884058e-02 3.3920873017e-03 0.0000000000e+00
3.8790456314e+01 3.6231884058e-02 2.8554682216e-04 0.0000000000e+00
3.9576691102e+01 3.6231884058e-02 2.3714254246e-04 0.0000000000e+00
4.3266186532e+01 3.6231884058e-02 1.0000000000e-05 0.0000000000e+00
4.4162195566e+01 3.6231884058e-02 1.0000000000e-05 0.0000000000e+00
4.8258336583e+01 3.6231884058e-02 1.0000000000e-05 0.0000000000e+00
4.8790306163e+01 3.6231884058e-02 1.9648030822e-04 0.0000000000e+00
5.3826492152e+01 3.6231884058e-02 1.9618998954e-03 0.0000000000e+00
5.7342644228e+01 3.6231884058e-02 1.3940139971e-03 0.0000000000e+00
6.0037114051e+01 3.6231884058e-02 9.5883617127e-04 0.0000000000e+00
6.3860796572e+01 3.6231884058e-02 9.5883617127e-04 0.0000000000e+00
6.4357408062e+01 3.6231884058e-02 9.5883617127e-04 0.0000000000e+00
7.1259948941e+01 3.6231884058e-02 9.5883617127e-04 0.0000000000e+00
7.7174143137e+01 3.6231884058e-02 9.5883617127e-04 0.0000000000e+00
