Wavelength(nm)      SolarFlux(mW/m^2/nm)
1.00000000e+00      4.33215304e-02      
1.37500000e+00      3.46559528e-02      
2.12500000e+00      1.24127918e-01      
2.87500000e+00      1.49023625e-01      
3.62500000e+00      1.09343073e-01      
4.12500000e+00      1.36570137e-01      
4.37500000e+00      1.50183669e-01      
4.62500000e+00      1.50183669e-01      
4.87500000e+00      1.50183669e-01      
5.12500000e+00      2.56248671e-01      
5.37500000e+00      2.56248671e-01      
5.62500000e+00      2.56248671e-01      
5.87500000e+00      2.56248671e-01      
6.12500000e+00      2.26256281e-01      
6.37500000e+00      2.26256281e-01      
6.62500000e+00      2.26256281e-01      
6.87500000e+00      2.26256281e-01      
7.12500000e+00      2.35768597e-01      
7.37500000e+00      2.35768597e-01      
7.62500000e+00      2.35768597e-01      
7.87500000e+00      2.35768597e-01      
8.12500000e+00      1.42622915e-01      
8.37500000e+00      1.42622915e-01      
8.62500000e+00      1.42622915e-01      
8.87500000e+00      1.42622915e-01      
9.12500000e+00      1.58889443e-01      
9.37500000e+00      1.58889443e-01      
9.62500000e+00      1.58889443e-01      
9.87500000e+00      1.58889443e-01      
1.01250000e+01      5.47816597e-02      
1.03750000e+01      5.47816597e-02      
1.06250000e+01      5.47816597e-02      
1.08750000e+01      5.47816597e-02      
1.11250000e+01      3.89718982e-02      
1.13750000e+01      3.89718982e-02      
1.16250000e+01      3.89718982e-02      
1.18750000e+01      3.89718982e-02      
1.21000000e+01      2.51055936e-02      
1.23000001e+01      2.42389506e-02      
1.25000001e+01      2.42389506e-02      
1.27000002e+01      2.42389506e-02      
1.31125002e+01      2.34036132e-02      
1.37375002e+01      2.72201028e-02      
1.43625002e+01      7.32285923e-02      
1.49875002e+01      8.00107975e-02      
1.55875002e+01      8.76776283e-02      
1.61625003e+01      1.11685326e-01      
1.67375003e+01      1.35851980e-01      
1.73125004e+01      5.20799698e-01      
1.79625003e+01      3.96614628e-01      
1.86875002e+01      2.58499568e-01      
1.94125001e+01      2.63883388e-01      
2.01375000e+01      1.70605770e-01      
2.08250000e+01      1.20363533e-01      
2.14750001e+01      9.74280755e-02      
2.21250002e+01      1.24008412e-01      
2.27750003e+01      1.18925375e-01      
2.35875003e+01      7.61378498e-02      
2.45625002e+01      1.74300227e-01      
2.55375001e+01      2.72050075e-01      
2.65125000e+01      9.16970123e-02      
2.71250000e+01      1.31318143e-01      
2.73750000e+01      1.60043459e-01      
2.76250000e+01      1.60043459e-01      
2.78750000e+01      2.39110685e-01      
2.82500000e+01      5.55379586e-01      
2.87500000e+01      5.55379586e-01      
2.92500000e+01      5.52022599e-02      
2.97500000e+01      5.52022599e-02      
3.02500000e+01      1.74838666e+00      
3.07500000e+01      1.74838666e+00      
3.12500000e+01      2.24184098e-01      
3.17500000e+01      2.24184098e-01      
3.22500000e+01      3.09061640e-01      
3.27500000e+01      3.09061640e-01      
3.32500000e+01      3.01302307e-01      
3.37500000e+01      3.01302307e-01      
3.42500000e+01      1.27883953e-01      
3.47500000e+01      1.27883953e-01      
3.52500000e+01      1.09218466e-01      
3.57500000e+01      1.09218466e-01      
3.61250000e+01      4.16300152e-01      
3.63750000e+01      4.93070574e-01      
3.66250000e+01      4.93070574e-01      
3.68750000e+01      3.36732113e-01      
3.73750000e+01      2.40551920e-02      
3.81250000e+01      1.48446683e-02      
3.88750000e+01      1.01940876e-02      
3.96250000e+01      1.01034500e-02      
4.03750000e+01      1.68211007e-02      
4.11250000e+01      2.74495906e-02      
4.18750000e+01      2.45241318e-02      
4.26250000e+01      8.04472453e-03      
4.33750000e+01      1.86168119e-02      
4.41250000e+01      1.10399585e-02      
4.48750000e+01      7.51931780e-03      
4.56250000e+01      8.05488986e-03      
4.62500000e+01      2.65895268e-02      
4.67500000e+01      2.89063564e-02      
4.72500000e+01      1.13947800e-02      
4.77500000e+01      1.13947800e-02      
4.82500000e+01      1.88366217e-02      
4.87500000e+01      1.88366217e-02      
4.92500000e+01      6.65746438e-02      
4.97500000e+01      6.65746438e-02      
5.02500000e+01      2.69271173e-02      
5.07500000e+01      2.69271173e-02      
5.12500000e+01      9.16046814e-03      
5.17500000e+01      9.16046814e-03      
5.22500000e+01      1.60228829e-02      
5.27500000e+01      1.60228829e-02      
5.32500000e+01      1.17224773e-02      
5.37500000e+01      1.17224773e-02      
5.42500000e+01      7.50080072e-03      
5.47500000e+01      7.50080072e-03      
5.52500000e+01      3.33415936e-02      
5.57500000e+01      3.33415936e-02      
5.62500000e+01      1.00912752e-02      
5.67500000e+01      1.00912752e-02      
5.72500000e+01      9.98033020e-03      
5.77500000e+01      9.98033020e-03      
5.82500000e+01      5.61177897e-02      
5.87500000e+01      5.61177897e-02      
5.92500000e+01      1.16254444e-02      
5.97500000e+01      1.16254444e-02      
6.02500000e+01      4.74691420e-02      
6.07500000e+01      4.74691420e-02      
6.12500000e+01      1.43288640e-02      
6.17500000e+01      1.43288640e-02      
6.21250000e+01      5.22802170e-02      
6.23750000e+01      6.17680552e-02      
6.26250000e+01      6.17680552e-02      
6.28750000e+01      3.86447306e-02      
6.36250000e+01      1.25199455e-02      
6.48750000e+01      3.21172862e-03      
6.61250000e+01      2.55750940e-03      
6.73750000e+01      2.45981281e-03      
6.83750000e+01      7.60188442e-03      
6.91250000e+01      6.97070140e-03      
6.98750000e+01      9.53543525e-03      
7.06250000e+01      1.61514496e-02      
7.13750000e+01      7.02435674e-03      
7.21250000e+01      5.85084822e-03      
7.28750000e+01      5.77881809e-03      
7.36250000e+01      6.80826635e-03      
7.43750000e+01      8.32827537e-03      
7.51250000e+01      1.11678222e-02      
7.58750000e+01      1.88899582e-02      
7.66250000e+01      3.14946834e-02      
7.71250000e+01      2.97049894e-02      
7.73750000e+01      2.88101425e-02      
7.76250000e+01      2.88101425e-02      
7.78750000e+01      2.88101425e-02      
7.81250000e+01      3.98506567e-02      
7.83750000e+01      3.98506567e-02      
7.86250000e+01      3.98506567e-02      
7.88750000e+01      3.98506567e-02      
7.91250000e+01      1.84880869e-02      
7.93750000e+01      1.84880869e-02      
7.96250000e+01      1.84880869e-02      
7.98750000e+01      1.86609411e-02      
8.03750000e+01      1.90066496e-02      
8.11250000e+01      2.06277911e-02      
8.18750000e+01      2.47761816e-02      
8.26250000e+01      3.14518211e-02      
8.30749998e+01      4.22012481e-02      
8.32249994e+01      5.29507092e-02      
8.33749990e+01      5.29507092e-02      
8.35249987e+01      5.29507092e-02      
8.38999987e+01      4.70177278e-02      
8.44999990e+01      3.84889786e-02      
8.50999994e+01      4.11936009e-02      
8.56999998e+01      4.25459186e-02      
8.60625000e+01      4.36881121e-02      
8.61875000e+01      4.47731967e-02      
8.63125000e+01      4.47731967e-02      
8.64375000e+01      4.47731967e-02      
8.65625000e+01      4.47731967e-02      
8.66875000e+01      4.47731967e-02      
8.68125000e+01      4.47731967e-02      
8.69375000e+01      4.47731967e-02      
8.70625000e+01      5.29005419e-02      
8.71875000e+01      5.29005419e-02      
8.73125000e+01      5.29005419e-02      
8.74375000e+01      5.29005419e-02      
8.75625000e+01      5.29005419e-02      
8.76875000e+01      5.29005419e-02      
8.78125000e+01      5.29005419e-02      
8.79375000e+01      5.29005419e-02      
8.80625000e+01      6.00176493e-02      
8.81875000e+01      6.00176493e-02      
8.83125000e+01      6.00176493e-02      
8.84375000e+01      6.00176493e-02      
8.85625000e+01      6.00176493e-02      
8.86875000e+01      6.00176493e-02      
8.88125000e+01      6.00176493e-02      
8.89375000e+01      6.00176493e-02      
8.90625000e+01      7.24645164e-02      
8.91875000e+01      7.24645164e-02      
8.93125000e+01      7.24645164e-02      
8.94375000e+01      7.24645164e-02      
8.95625000e+01      7.24645164e-02      
8.96875000e+01      7.24645164e-02      
8.98125000e+01      7.24645164e-02      
8.99375000e+01      7.24645164e-02      
9.00625000e+01      8.47145813e-02      
9.01875000e+01      8.47145813e-02      
9.03125000e+01      8.47145813e-02      
9.04375000e+01      8.47145813e-02      
9.05749998e+01      8.47145813e-02      
9.07249994e+01      8.47145813e-02      
9.08749990e+01      8.47145813e-02      
9.10249987e+01      7.17094344e-02      
9.11499987e+01      6.42776383e-02      
9.12499990e+01      6.42776383e-02      
9.13499994e+01      6.42776383e-02      
9.14499998e+01      6.42776383e-02      
9.15625000e+01      6.42776383e-02      
9.16875000e+01      6.42776383e-02      
9.18125000e+01      6.42776383e-02      
9.19375000e+01      6.42776383e-02      
9.20375004e+01      2.87090835e-02      
9.21125011e+01      2.27811418e-02      
9.21875019e+01      2.27811418e-02      
9.22625027e+01      2.27811418e-02      
9.23500023e+01      2.27811418e-02      
9.24500008e+01      2.27811418e-02      
9.25499992e+01      2.27811418e-02      
9.26499977e+01      2.27811418e-02      
9.27374973e+01      2.27811418e-02      
9.28124981e+01      2.27811418e-02      
9.28874989e+01      2.27811418e-02      
9.29624996e+01      2.27811418e-02      
9.30375004e+01      1.97921166e-02      
9.31125011e+01      1.97921166e-02      
9.31875019e+01      1.97921166e-02      
9.32625027e+01      1.97921166e-02      
9.33625031e+01      1.97921166e-02      
9.34875031e+01      1.97921166e-02      
9.36125031e+01      1.97921166e-02      
9.37375031e+01      1.97921166e-02      
9.38500023e+01      1.97921166e-02      
9.39500008e+01      1.97921166e-02      
9.40499992e+01      1.40096076e-02      
9.41499977e+01      1.40096076e-02      
9.42749977e+01      1.40096076e-02      
9.44249992e+01      1.40096076e-02      
9.45750008e+01      1.40096076e-02      
9.47250023e+01      1.40096076e-02      
9.48375025e+01      1.40096076e-02      
9.49125013e+01      1.40096076e-02      
9.49875002e+01      1.20074491e-02      
9.50624990e+01      8.00313214e-03      
9.51374989e+01      8.00313214e-03      
9.52124996e+01      8.00313214e-03      
9.52875004e+01      8.00313214e-03      
9.53625011e+01      8.00313214e-03      
9.54250011e+01      8.00313214e-03      
9.54750004e+01      8.00313214e-03      
9.55249996e+01      8.00313214e-03      
9.55749989e+01      8.00313214e-03      
9.56124983e+01      8.00313214e-03      
9.56374979e+01      8.00313214e-03      
9.56624975e+01      8.00313214e-03      
9.56874971e+01      8.00313214e-03      
9.57499971e+01      8.00313214e-03      
9.58499975e+01      8.00313214e-03      
9.59499979e+01      8.00313214e-03      
9.60499983e+01      8.26099818e-03      
9.61624985e+01      8.26100281e-03      
9.62874985e+01      8.26100281e-03      
9.64124985e+01      8.26100281e-03      
9.65374985e+01      8.26100281e-03      
9.66124983e+01      8.26100281e-03      
9.66374979e+01      8.26100281e-03      
9.66624975e+01      8.26100281e-03      
9.66874971e+01      8.26100281e-03      
9.67499971e+01      8.26100281e-03      
9.68499975e+01      8.26100281e-03      
9.69499979e+01      8.26100281e-03      
9.70499983e+01      1.77071873e-01      
9.71499987e+01      1.77075093e-01      
9.72499990e+01      1.77075093e-01      
9.73499994e+01      1.77075093e-01      
9.74499998e+01      1.77075093e-01      
9.75625000e+01      1.77075093e-01      
9.76875000e+01      1.77075093e-01      
9.78125000e+01      1.77075093e-01      
9.79375000e+01      1.77075093e-01      
9.80625000e+01      1.65788404e-02      
9.81875000e+01      1.65788404e-02      
9.83125000e+01      1.65788404e-02      
9.84375000e+01      1.65788404e-02      
9.85124998e+01      1.65788404e-02      
9.85374994e+01      1.65788404e-02      
9.85624990e+01      1.65788404e-02      
9.85874987e+01      1.65788404e-02      
9.86249990e+01      1.65788404e-02      
9.86750002e+01      1.65788404e-02      
9.87250013e+01      1.65788404e-02      
9.87750025e+01      1.65788404e-02      
9.88375025e+01      1.65788404e-02      
9.89125013e+01      1.65788404e-02      
9.89875002e+01      1.95165138e-02      
9.90624990e+01      2.53918607e-02      
9.91249990e+01      2.53918607e-02      
9.91750002e+01      2.53918607e-02      
9.92250013e+01      2.53918607e-02      
9.92750025e+01      2.53918607e-02      
9.93875029e+01      2.53918607e-02      
9.95625025e+01      2.53918607e-02      
9.97375021e+01      2.53918607e-02      
9.99125017e+01      1.96566320e-02      
1.00300001e+02      1.02106160e-02      
1.00900002e+02      1.07116215e-02      
1.01500002e+02      1.17136212e-02      
1.02100002e+02      1.43965129e-01      
1.02475001e+02      2.35965024e-01      
1.02625001e+02      2.35965024e-01      
1.02775001e+02      2.35965024e-01      
1.02925000e+02      2.35965024e-01      
1.03062500e+02      1.79472648e-01      
1.03187500e+02      1.76648073e-01      
1.03312500e+02      1.76648073e-01      
1.03437500e+02      1.76648073e-01      
1.03625000e+02      1.76648073e-01      
1.03875000e+02      1.76648073e-01      
1.04125000e+02      1.58123664e-02      
1.04375000e+02      1.58123664e-02      
1.04650000e+02      1.58123664e-02      
1.04949999e+02      1.49715782e-02      
1.05249998e+02      1.32899697e-02      
1.05549997e+02      1.32899697e-02      
1.05862497e+02      1.32326580e-02      
1.06187498e+02      1.25591784e-02      
1.06512499e+02      1.25591784e-02      
1.06837500e+02      1.25591784e-02      
1.07125000e+02      1.31836628e-02      
1.07375000e+02      1.32304996e-02      
1.07625000e+02      1.32304996e-02      
1.07875000e+02      1.32304996e-02      
1.08125000e+02      2.20295951e-02      
1.08375000e+02      2.20295951e-02      
1.08625000e+02      2.20295951e-02      
1.08875000e+02      2.20295951e-02      
1.09125000e+02      1.47145664e-02      
1.09375000e+02      1.47145664e-02      
1.09625000e+02      1.47145664e-02      
1.09875000e+02      1.47145664e-02      
1.10125000e+02      1.55754593e-02      
1.10375000e+02      1.55754593e-02      
1.10625000e+02      1.55754593e-02      
1.10875000e+02      1.55754593e-02      
1.11013889e+02      1.50601816e-02      
1.11041667e+02      1.40296347e-02      
1.11069445e+02      1.40296347e-02      
1.11097223e+02      1.40296347e-02      
1.11222223e+02      1.40296347e-02      
1.11444445e+02      1.40296347e-02      
1.11666667e+02      1.40296347e-02      
1.11888889e+02      1.40705089e-02      
1.12125000e+02      1.53784725e-02      
1.12375000e+02      1.53784725e-02      
1.12625000e+02      1.53784725e-02      
1.12875000e+02      1.53784725e-02      
1.13125000e+02      1.17628837e-02      
1.13375000e+02      1.17628837e-02      
1.13625000e+02      1.17628837e-02      
1.13875000e+02      1.17628837e-02      
1.14125000e+02      7.90053639e-03      
1.14375000e+02      7.90053639e-03      
1.14625000e+02      7.90053639e-03      
1.14875000e+02      7.90053639e-03      
1.15087500e+02      1.24025812e-02      
1.15262499e+02      1.28849502e-02      
1.15437498e+02      1.28849502e-02      
1.15612497e+02      1.28849502e-02      
1.15774998e+02      1.28849502e-02      
1.15924999e+02      1.28849502e-02      
1.16075001e+02      1.44608339e-02      
1.16225002e+02      1.44608339e-02      
1.16387503e+02      1.44608339e-02      
1.16562502e+02      1.44608339e-02      
1.16737501e+02      1.44608339e-02      
1.16912500e+02      1.44608339e-02      
1.17075000e+02      1.06596053e-01      
1.17224999e+02      1.10434971e-01      
1.17374999e+02      1.10434971e-01      
1.17524999e+02      1.10434971e-01      
1.17687499e+02      1.10434971e-01      
1.17862500e+02      1.10434971e-01      
1.18037501e+02      4.30084555e-02      
1.18212502e+02      1.60386723e-02      
1.18387503e+02      1.60386723e-02      
1.18562502e+02      1.60386723e-02      
1.18737501e+02      1.60386723e-02      
1.18912500e+02      1.73261698e-02      
1.19100000e+02      5.33737427e-02      
1.19300001e+02      5.33737427e-02      
1.19500002e+02      5.33737427e-02      
1.19700003e+02      5.19256832e-02      
1.19887503e+02      5.79342822e-02      
1.20062502e+02      5.78362107e-02      
1.20237501e+02      5.21482262e-02      
1.20412500e+02      1.78146028e-01      
1.20587500e+02      6.25768980e-01      
1.20762499e+02      3.67584970e-01      
1.20937498e+02      1.21910162e-01      
1.21112497e+02      2.48093144e-01      
1.21299997e+02      6.23326894e+00      
1.21499998e+02      2.57223795e+01      
1.21699999e+02      1.69939343e+01      
1.21900000e+02      1.75362218e+00      
1.22087500e+02      1.67730411e-01      
1.22262499e+02      7.86039925e-02      
1.22437498e+02      5.15485920e-02      
1.22612497e+02      3.98152813e-02      
1.22799997e+02      3.70347005e-02      
1.22999998e+02      3.22665874e-02      
1.23199999e+02      2.85735528e-02      
1.23400000e+02      2.74957805e-02      
1.23587500e+02      3.14398884e-02      
1.23762499e+02      5.64002145e-02      
1.23937498e+02      6.01268009e-02      
1.24112497e+02      4.49760564e-02      
1.24299997e+02      4.26690671e-02      
1.24499998e+02      2.58439011e-02      
1.24699999e+02      2.11410114e-02      
1.24900000e+02      2.10611087e-02      
1.25100000e+02      2.17687839e-02      
1.25300001e+02      2.58755985e-02      
1.25500002e+02      2.78458249e-02      
1.25700003e+02      3.05750365e-02      
1.25900002e+02      4.73254817e-02      
1.26100001e+02      4.50726459e-02      
1.26300000e+02      4.45769907e-02      
1.26499999e+02      7.18967723e-02      
1.26699999e+02      3.67320131e-02      
1.26900000e+02      1.66875282e-02      
1.27100000e+02      1.56209631e-02      
1.27300001e+02      1.77186515e-02      
1.27500001e+02      2.53644014e-02      
1.27700000e+02      2.80669845e-02      
1.27899999e+02      2.60572692e-02      
1.28099998e+02      2.01416498e-02      
1.28299997e+02      1.38953499e-02      
1.28499998e+02      1.32521800e-02      
1.28699999e+02      1.91822493e-02      
1.28900000e+02      2.36852599e-02      
1.29112499e+02      1.71377744e-02      
1.29337498e+02      1.71372751e-02      
1.29562496e+02      2.34527594e-02      
1.29787495e+02      2.69404247e-02      
1.29999994e+02      7.31628149e-02      
1.30199995e+02      1.81283343e-01      
1.30399996e+02      3.44567380e-01      
1.30599997e+02      2.54945370e-01      
1.30812498e+02      8.18582514e-02      
1.31037500e+02      4.16030584e-02      
1.31262503e+02      2.55251712e-02      
1.31487505e+02      2.22217310e-02      
1.31700005e+02      2.70580547e-02      
1.31900002e+02      2.48096997e-02      
1.32099998e+02      1.76257288e-02      
1.32299995e+02      1.87515341e-02      
1.32512495e+02      1.89565055e-02      
1.32737497e+02      2.30456553e-02      
1.32962500e+02      2.76188677e-02      
1.33187502e+02      8.05348080e-02      
1.33412502e+02      5.94677957e-01      
1.33637501e+02      4.42856239e-01      
1.33862499e+02      4.08172615e-02      
1.34087498e+02      1.78448779e-02      
1.34312498e+02      1.82150738e-02      
1.34537500e+02      1.84401375e-02      
1.34762503e+02      1.97871100e-02      
1.34987505e+02      2.95948988e-02      
1.35212505e+02      3.59189222e-02      
1.35437504e+02      4.42337948e-02      
1.35662502e+02      4.90737855e-02      
1.35887501e+02      3.80563322e-02      
1.36125000e+02      2.87708485e-02      
1.36375000e+02      2.66742556e-02      
1.36625000e+02      2.45380235e-02      
1.36875000e+02      2.79042789e-02      
1.37112499e+02      3.15966903e-02      
1.37337498e+02      2.82422505e-02      
1.37562496e+02      2.48189652e-02      
1.37787495e+02      2.62082503e-02      
1.38024994e+02      2.92531162e-02      
1.38274994e+02      2.76071442e-02      
1.38524994e+02      2.72952525e-02      
1.38774994e+02      2.93229937e-02      
1.39137495e+02      9.78899428e-02      
1.39612497e+02      8.57741043e-02      
1.40087500e+02      1.16823940e-01      
1.40562502e+02      6.10050758e-02      
1.41050003e+02      4.07130758e-02      
1.41550003e+02      4.03126510e-02      
1.42050003e+02      4.02986796e-02      
1.42550003e+02      4.92070230e-02      
1.42807146e+02      4.17613864e-02      
1.42821433e+02      4.03449329e-02      
1.42835719e+02      4.01906636e-02      
1.42850006e+02      4.13190714e-02      
1.43112505e+02      5.13086447e-02      
1.43623216e+02      4.82366108e-02      
1.44133927e+02      4.57791315e-02      
1.44644638e+02      4.80438834e-02      
1.45162495e+02      4.80269719e-02      
1.45687496e+02      5.16699858e-02      
1.46212498e+02      5.60051579e-02      
1.46737499e+02      6.61923364e-02      
1.47275000e+02      8.71829045e-02      
1.47824999e+02      6.47740196e-02      
1.48374998e+02      7.86868972e-02      
1.48924997e+02      6.78155002e-02      
1.49487497e+02      6.75044947e-02      
1.50062498e+02      7.27339811e-02      
1.50637499e+02      7.35868051e-02      
1.51212500e+02      7.95198830e-02      
1.51787500e+02      7.66167685e-02      
1.52362501e+02      9.56104264e-02      
1.52937502e+02      1.07204655e-01      
1.53512503e+02      1.16804090e-01      
1.54100002e+02      9.87349685e-02      
1.54700001e+02      3.61248431e-01      
1.55299999e+02      2.53569596e-01      
1.55899998e+02      1.68403635e-01      
1.56512497e+02      1.26064422e-01      
1.57137497e+02      1.37624769e-01      
1.57762497e+02      1.22994627e-01      
1.58387497e+02      1.18091655e-01      
1.59024998e+02      1.23800674e-01      
1.59674999e+02      1.16370525e-01      
1.60325001e+02      1.26577251e-01      
1.60975002e+02      1.45066472e-01      
1.61625002e+02      1.42380546e-01      
1.62275000e+02      1.61713473e-01      
1.62924997e+02      1.64152651e-01      
1.63574995e+02      2.20551550e-01      
1.64245829e+02      4.67420659e-01      
1.64937498e+02      1.60956385e-01      
1.65629167e+02      4.90792063e-01      
1.66320837e+02      2.00956022e-01      
1.66670837e+02      1.86406222e-01      
1.66679169e+02      1.84131686e-01      
1.66687500e+02      1.84131686e-01      
1.66695831e+02      1.90081358e-01      
1.67049997e+02      2.28027882e-01      
1.67749998e+02      2.01580718e-01      
1.68449999e+02      2.26092617e-01      
1.69150000e+02      2.68482561e-01      
1.69862499e+02      3.13870026e-01      
1.70587498e+02      3.23320862e-01      
1.71312496e+02      3.17530665e-01      
1.72037495e+02      3.42945649e-01      
1.72587494e+02      3.51156860e-01      
1.72962494e+02      3.22140722e-01      
1.73337494e+02      3.31779793e-01      
1.73712494e+02      3.51721555e-01      
1.74087494e+02      3.89144124e-01      
1.74462494e+02      4.19132102e-01      
1.74837494e+02      4.06595514e-01      
1.75212494e+02      4.62524921e-01      
1.75599995e+02      5.01383715e-01      
1.75999996e+02      5.24153249e-01      
1.76399998e+02      4.99143626e-01      
1.76799999e+02      5.58164646e-01      
1.77200001e+02      6.53875945e-01      
1.77600002e+02      5.82515602e-01      
1.78000004e+02      6.62399868e-01      
1.78400005e+02      6.70896783e-01      
1.78800005e+02      7.00304556e-01      
1.79200003e+02      6.79556635e-01      
1.79600000e+02      6.37911235e-01      
1.79999998e+02      7.13323322e-01      
1.80399998e+02      7.66545354e-01      
1.80799999e+02      9.32716973e-01      
1.81200001e+02      7.80101601e-01      
1.81600002e+02      1.18439079e+00      
1.82012503e+02      9.97860394e-01      
1.82437502e+02      9.81787601e-01      
1.82862501e+02      9.08774335e-01      
1.83287500e+02      9.80911213e-01      
1.83712500e+02      1.00616994e+00      
1.84137499e+02      8.98575349e-01      
1.84562498e+02      8.48161358e-01      
1.84987497e+02      8.07639633e-01      
1.85412497e+02      9.84175074e-01      
1.85837496e+02      1.01440278e+00      
1.86262495e+02      1.03129857e+00      
1.86687494e+02      1.12927953e+00      
1.87124994e+02      1.27871169e+00      
1.87574995e+02      1.23788885e+00      
1.88024996e+02      1.18806193e+00      
1.88474997e+02      1.33751559e+00      
1.88924997e+02      1.41695083e+00      
1.89374998e+02      1.51986908e+00      
1.89824999e+02      1.37315046e+00      
1.90275000e+02      1.45947353e+00      
1.90725000e+02      1.56304201e+00      
1.91175001e+02      1.56728949e+00      
1.91625002e+02      1.68295174e+00      
1.92075003e+02      1.77237619e+00      
1.92537502e+02      1.71803414e+00      
1.93012501e+02      1.44729789e+00      
1.93487499e+02      1.19825752e+00      
1.93962498e+02      1.73995918e+00      
1.94437498e+02      2.13994211e+00      
1.94912500e+02      2.14923160e+00      
1.95387503e+02      2.02861227e+00      
1.95862505e+02      2.10350439e+00      
1.96337505e+02      2.13465661e+00      
1.96812504e+02      2.47349001e+00      
1.97287502e+02      2.31108004e+00      
1.97762501e+02      2.23498353e+00      
1.98250000e+02      2.34941828e+00      
1.98750000e+02      2.14399196e+00      
1.99250000e+02      2.37142562e+00      
1.99750000e+02      2.37650842e+00      
2.00000000e+02      2.41425601e+00      
2.00000001e+02      2.41623198e+00      
2.00000002e+02      2.41623198e+00      
2.00000003e+02      2.42180882e+00      
2.00250003e+02      2.50810406e+00      
2.00750002e+02      2.57453418e+00      
2.01250001e+02      2.66755969e+00      
2.01750000e+02      2.75740200e+00      
2.02262501e+02      2.72182802e+00      
2.02787502e+02      2.69715720e+00      
2.03312504e+02      2.89822000e+00      
2.03837505e+02      2.94318861e+00      
2.04362505e+02      3.17418161e+00      
2.04887503e+02      3.22375356e+00      
2.05412500e+02      3.22711493e+00      
2.05937498e+02      3.16803132e+00      
2.06462498e+02      3.21068262e+00      
2.06987499e+02      3.40874978e+00      
2.07512501e+02      3.60732733e+00      
2.08037502e+02      3.60505493e+00      
2.08575003e+02      3.95963201e+00      
2.09125002e+02      4.63645988e+00      
2.09675001e+02      5.43083626e+00      
2.10225000e+02      6.10165872e+00      
2.10787500e+02      6.69437158e+00      
2.11362501e+02      7.23266878e+00      
2.11937502e+02      8.26756596e+00      
2.12512503e+02      6.18131581e+00      
2.13087503e+02      6.70039299e+00      
2.13662504e+02      7.17575627e+00      
2.14237505e+02      9.02785976e+00      
2.14812506e+02      8.51534100e+00      
2.15387505e+02      8.14157027e+00      
2.15962502e+02      7.06100516e+00      
2.16537498e+02      6.93431786e+00      
2.17112495e+02      6.95293955e+00      
2.17724995e+02      7.63075771e+00      
2.18374996e+02      1.02521291e+01      
2.19024998e+02      9.42207357e+00      
2.19674999e+02      1.06741617e+01      
2.20275000e+02      1.10388614e+01      
2.20824999e+02      9.36657749e+00      
2.21374998e+02      8.40966617e+00      
2.21924997e+02      9.33336778e+00      
2.22512497e+02      1.10726163e+01      
2.23137497e+02      1.32248421e+01      
2.23762497e+02      1.50989131e+01      
2.24387497e+02      1.32189442e+01      
2.25024998e+02      1.31418108e+01      
2.25674999e+02      1.14732873e+01      
2.26325001e+02      9.30574050e+00      
2.26975002e+02      7.43145213e+00      
2.27625002e+02      8.81160952e+00      
2.28275000e+02      1.18940004e+01      
2.28924997e+02      1.10674806e+01      
2.29574995e+02      1.06774415e+01      
2.30237495e+02      1.07598808e+01      
2.30912498e+02      1.22650462e+01      
2.31587502e+02      1.15132602e+01      
2.32262505e+02      1.24322217e+01      
2.32937506e+02      1.14408301e+01      
2.33612505e+02      1.06966453e+01      
2.34287504e+02      9.48299188e+00      
2.34962503e+02      1.04811859e+01      
2.35587884e+02      1.31940701e+01      
2.36163647e+02      1.18661146e+01      
2.36739410e+02      1.17750057e+01      
2.37315172e+02      1.28828436e+01      
2.37665173e+02      1.21120969e+01      
2.37789411e+02      1.33843024e+01      
2.37913649e+02      1.16889552e+01      
2.38037887e+02      9.84003316e+00      
2.38462505e+02      1.05589759e+01      
2.39187504e+02      1.18971810e+01      
2.39912502e+02      1.04878649e+01      
2.40637501e+02      1.00798697e+01      
2.41362499e+02      1.11559067e+01      
2.42087498e+02      1.61398983e+01      
2.42812496e+02      1.69264138e+01      
2.43537495e+02      1.56461954e+01      
2.44274994e+02      1.55533187e+01      
2.45024994e+02      1.28165787e+01      
2.45774994e+02      1.18647625e+01      
2.46524994e+02      1.16300737e+01      
2.47287495e+02      1.30981985e+01      
2.48062496e+02      1.16518048e+01      
2.48837498e+02      9.80539153e+00      
2.49612499e+02      1.36944977e+01      
2.50400000e+02      1.38326820e+01      
2.51199999e+02      1.24864584e+01      
2.51999998e+02      1.01627162e+01      
2.52799997e+02      1.04819852e+01      
2.53599997e+02      1.31400611e+01      
2.54399996e+02      1.44325397e+01      
2.55199995e+02      1.78299551e+01      
2.55999994e+02      2.18944581e+01      
2.56812496e+02      2.88710762e+01      
2.57637501e+02      3.20185477e+01      
2.58462505e+02      3.31084077e+01      
2.59287510e+02      3.14319041e+01      
2.60137512e+02      2.38938111e+01      
2.61012512e+02      2.17118165e+01      
2.61887512e+02      2.68728426e+01      
2.62762512e+02      2.77096388e+01      
2.63637512e+02      4.83450387e+01      
2.64512512e+02      6.72884720e+01      
2.65387512e+02      6.86529672e+01      
2.66262512e+02      6.90968541e+01      
2.67150009e+02      6.72350584e+01      
2.68050003e+02      6.84313183e+01      
2.68949997e+02      6.53958648e+01      
2.69849991e+02      6.71282014e+01      
2.70762489e+02      7.18534603e+01      
2.71687492e+02      5.61054562e+01      
2.72612495e+02      5.17758698e+01      
2.73537498e+02      5.36765753e+01      
2.74125601e+02      3.94069438e+01      
2.74376802e+02      3.38931509e+01      
2.74628003e+02      3.65937844e+01      
2.74879204e+02      3.50298793e+01      
2.75354202e+02      4.61806145e+01      
2.76052998e+02      6.06553497e+01      
2.76751794e+02      6.84060855e+01      
2.77450590e+02      6.54519147e+01      
2.78287491e+02      4.67827658e+01      
2.79262497e+02      2.87264914e+01      
2.80237503e+02      2.28222421e+01      
2.81212509e+02      4.68163725e+01      
2.82113240e+02      7.14519243e+01      
2.82939697e+02      8.05742964e+01      
2.83766153e+02      7.68363600e+01      
2.84592609e+02      5.96207299e+01      
2.85092609e+02      3.62299912e+01      
2.85266153e+02      2.69535493e+01      
2.85439697e+02      2.99766355e+01      
2.85613240e+02      4.44696405e+01      
2.86225010e+02      7.45200739e+01      
2.87275005e+02      8.92995103e+01      
2.88325001e+02      8.15447777e+01      
2.89374996e+02      1.22428959e+02      
2.90424995e+02      1.66818753e+02      
2.91474998e+02      1.61885988e+02      
2.92525002e+02      1.43573097e+02      
2.93575005e+02      1.49594224e+02      
2.94650005e+02      1.40370386e+02      
2.95750004e+02      1.54525986e+02      
2.96850002e+02      1.27980544e+02      
2.97950001e+02      1.40558815e+02      
2.99062500e+02      1.29547748e+02      
3.00187500e+02      1.17761089e+02      
3.01312500e+02      1.24370895e+02      
3.02437500e+02      1.28757482e+02      
3.03513304e+02      1.71115770e+02      
3.04539913e+02      1.64521139e+02      
3.05566522e+02      1.62971961e+02      
3.06593131e+02      1.57286690e+02      
3.07180632e+02      1.74132611e+02      
3.07329027e+02      1.75633084e+02      
3.07477421e+02      1.77846498e+02      
3.07625815e+02      1.73620386e+02      
3.08300011e+02      1.74193198e+02      
3.09500008e+02      1.41197448e+02      
3.10700005e+02      1.90351806e+02      
3.11900002e+02      1.96084425e+02      
3.13125000e+02      1.92442604e+02      
3.14375000e+02      1.91840697e+02      
3.15625000e+02      1.75312342e+02      
3.16875000e+02      2.03852092e+02      
3.18125000e+02      1.95500395e+02      
3.19375000e+02      1.99850403e+02      
3.20625000e+02      2.21802082e+02      
3.21875000e+02      1.97715582e+02      
3.23125000e+02      1.82010303e+02      
3.24375000e+02      2.15407781e+02      
3.25625000e+02      2.59795237e+02      
3.26875000e+02      2.81623343e+02      
3.27713409e+02      2.76102500e+02      
3.28140227e+02      2.66156787e+02      
3.28567045e+02      2.65539497e+02      
3.28993862e+02      2.84319427e+02      
3.29618862e+02      3.15263642e+02      
3.30442045e+02      2.93389220e+02      
3.31265227e+02      2.77096209e+02      
3.32088409e+02      2.76560891e+02      
3.33125000e+02      2.69073864e+02      
3.34375000e+02      2.73893395e+02      
3.35625000e+02      2.60952801e+02      
3.36875000e+02      2.26876075e+02      
3.37962972e+02      2.51154979e+02      
3.38888917e+02      2.67359566e+02      
3.39814862e+02      2.81939674e+02      
3.40740807e+02      2.77038700e+02      
3.41365807e+02      2.59226286e+02      
3.41689862e+02      2.55183944e+02      
3.42013917e+02      2.83486511e+02      
3.42337972e+02      2.77144323e+02      
3.42812500e+02      2.88492654e+02      
3.43437500e+02      2.82176478e+02      
3.44062500e+02      2.26304646e+02      
3.44687500e+02      2.47777404e+02      
3.46250000e+02      2.65704223e+02      
3.48750000e+02      2.58115218e+02      
3.51250000e+02      2.90743772e+02      
3.53750000e+02      2.99702692e+02      
3.56250000e+02      2.70554966e+02      
3.58750000e+02      2.40140837e+02      
3.61250000e+02      2.70519894e+02      
3.63750000e+02      2.97272911e+02      
3.66250000e+02      3.52498574e+02      
3.68750000e+02      3.42231678e+02      
3.71250000e+02      3.29498719e+02      
3.73750000e+02      2.66360960e+02      
3.76250000e+02      3.10504235e+02      
3.78750000e+02      3.47469340e+02      
3.81250000e+02      2.99277072e+02      
3.83750000e+02      2.06774821e+02      
3.85625050e+02      2.67427239e+02      
3.86875151e+02      2.71676037e+02      
3.88125252e+02      2.75008771e+02      
3.89375353e+02      3.15693257e+02      
3.90625353e+02      3.48407429e+02      
3.91875252e+02      3.44321597e+02      
3.93125151e+02      2.01482629e+02      
3.94375050e+02      2.85318458e+02      
3.96250000e+02      2.71966167e+02      
3.98750000e+02      4.16768373e+02      
4.01250000e+02      4.91903334e+02      
4.03750000e+02      4.84483689e+02      
4.06250000e+02      4.65279247e+02      
4.08750000e+02      4.83649776e+02      
4.11250000e+02      4.88451944e+02      
4.13750000e+02      4.97679653e+02      
4.16250000e+02      4.99733429e+02      
4.18750000e+02      4.87186465e+02      
4.21250000e+02      5.01655925e+02      
4.23750000e+02      4.84283619e+02      
4.26250000e+02      4.80468205e+02      
4.28750000e+02      4.51131768e+02      
4.31250000e+02      4.13089011e+02      
4.33750000e+02      4.69613195e+02      
4.36250000e+02      5.15400322e+02      
4.38750000e+02      4.98304523e+02      
4.41250000e+02      5.39780220e+02      
4.43750000e+02      5.63554042e+02      
4.45625561e+02      5.42174537e+02      
4.46876683e+02      5.66918450e+02      
4.48127805e+02      5.86300075e+02      
4.49378927e+02      5.88043334e+02      
4.50628927e+02      6.24088561e+02      
4.51877805e+02      6.14238194e+02      
4.53126683e+02      5.55631150e+02      
4.54375561e+02      6.01359935e+02      
4.56250000e+02      6.09311776e+02      
4.58750000e+02      6.02860584e+02      
4.61250000e+02      6.07735201e+02      
4.63750000e+02      6.05949657e+02      
4.66250000e+02      5.88393974e+02      
4.68750000e+02      5.94861429e+02      
4.71250000e+02      5.85995985e+02      
4.73750000e+02      6.05234419e+02      
4.76250000e+02      6.03647428e+02      
4.78750000e+02      6.13809474e+02      
4.81250000e+02      6.14413414e+02      
4.83750000e+02      6.01213019e+02      
4.86250000e+02      5.24142855e+02      
4.88750000e+02      5.75244936e+02      
4.91250000e+02      5.77353449e+02      
4.93750000e+02      5.82208114e+02      
4.96250000e+02      5.88799387e+02      
4.98750000e+02      5.73846371e+02      
5.01250000e+02      5.42422189e+02      
5.03750000e+02      5.64239802e+02      
5.06250000e+02      5.76005577e+02      
5.08750000e+02      5.46879370e+02      
5.11250000e+02      5.67673361e+02      
5.13750000e+02      5.36756820e+02      
5.16250000e+02      5.04888543e+02      
5.18750000e+02      5.05102324e+02      
5.21250000e+02      5.46635007e+02      
5.23750000e+02      5.42897732e+02      
5.26250000e+02      5.27716102e+02      
5.28750000e+02      5.55468425e+02      
5.31250000e+02      5.66738009e+02      
5.33750000e+02      5.36928316e+02      
5.35626888e+02      5.65929783e+02      
5.36880663e+02      5.48269838e+02      
5.38134438e+02      5.58829389e+02      
5.39388214e+02      5.48237501e+02      
5.40638214e+02      5.24618393e+02      
5.41884438e+02      5.49424311e+02      
5.43130663e+02      5.40664069e+02      
5.44376888e+02      5.57623908e+02      
5.45563869e+02      5.60169827e+02      
5.46691608e+02      5.61859068e+02      
5.47819347e+02      5.48645374e+02      
5.48947086e+02      5.55011734e+02      
5.50197086e+02      5.59018251e+02      
5.51569347e+02      5.54466221e+02      
5.52941608e+02      5.48414718e+02      
5.54313869e+02      5.62772479e+02      
5.56250000e+02      5.49791591e+02      
5.58750000e+02      5.31400124e+02      
5.61250000e+02      5.37079264e+02      
5.63750000e+02      5.48931036e+02      
5.65200540e+02      5.42779293e+02      
5.65601619e+02      5.33347638e+02      
5.66002698e+02      5.09100842e+02      
5.66403777e+02      5.32153821e+02      
5.67653777e+02      5.42494615e+02      
5.69752698e+02      5.33536634e+02      
5.71851619e+02      5.35102243e+02      
5.73950540e+02      5.51736575e+02      
5.76250000e+02      5.39316588e+02      
5.78750000e+02      5.34532670e+02      
5.81250000e+02      5.41943450e+02      
5.83750000e+02      5.45366038e+02      
5.86250000e+02      5.30985227e+02      
5.88750000e+02      5.02217075e+02      
5.91250000e+02      5.29552135e+02      
5.93750000e+02      5.27951649e+02      
5.96250000e+02      5.25705868e+02      
5.98750000e+02      5.20834144e+02      
6.01250000e+02      5.11645213e+02      
6.03750000e+02      5.18937230e+02      
6.05004234e+02      5.23124805e+02      
6.05012703e+02      5.24136324e+02      
6.05021172e+02      5.24238220e+02      
6.05029640e+02      5.21258204e+02      
6.06279640e+02      5.20309848e+02      
6.08771172e+02      5.15602741e+02      
6.11262703e+02      5.10235924e+02      
6.13754234e+02      5.00366065e+02      
6.16250000e+02      4.91555211e+02      
6.18750000e+02      5.02982870e+02      
6.21250000e+02      5.03149656e+02      
6.23750000e+02      4.89411931e+02      
6.26250000e+02      4.93062124e+02      
6.28750000e+02      4.99894256e+02      
6.31250000e+02      4.87131306e+02      
6.33750000e+02      4.89201187e+02      
6.36250000e+02      4.87352462e+02      
6.38750000e+02      4.88043448e+02      
6.41250000e+02      4.76543525e+02      
6.43750000e+02      4.82277146e+02      
6.46250000e+02      4.75081527e+02      
6.48750000e+02      4.71212607e+02      
6.51250000e+02      4.75908885e+02      
6.53750000e+02      4.69944192e+02      
6.56250000e+02      4.18945354e+02      
6.58750000e+02      4.57512964e+02      
6.61250000e+02      4.64779916e+02      
6.63750000e+02      4.55912570e+02      
6.65208336e+02      4.55970700e+02      
6.65625007e+02      4.58494186e+02      
6.66041679e+02      4.56564446e+02      
6.66458351e+02      4.47200307e+02      
6.67708351e+02      4.56430263e+02      
6.69791679e+02      4.59761722e+02      
6.71875007e+02      4.58098154e+02      
6.73958336e+02      4.59112263e+02      
6.76250000e+02      4.54047125e+02      
6.78750000e+02      4.48613879e+02      
6.81250000e+02      4.45175111e+02      
6.83750000e+02      4.42992973e+02      
6.85760623e+02      4.45149345e+02      
6.87281868e+02      4.49428053e+02      
6.88803113e+02      4.43597276e+02      
6.90324358e+02      4.40469557e+02      
6.91574358e+02      4.35047614e+02      
6.92553113e+02      4.34134612e+02      
6.93531868e+02      4.34647115e+02      
6.94510623e+02      4.35452390e+02      
6.96250000e+02      4.39404546e+02      
6.98750000e+02      4.35038565e+02      
7.01250000e+02      4.28723173e+02      
7.03750000e+02      4.32611764e+02      
7.06250000e+02      4.29778418e+02      
7.08750000e+02      4.25156527e+02      
7.11250000e+02      4.19987339e+02      
7.13750000e+02      4.13722612e+02      
7.16250000e+02      4.10417473e+02      
7.18750000e+02      4.05269980e+02      
7.21250000e+02      4.06258347e+02      
7.23750000e+02      4.05999210e+02      
7.26250000e+02      4.03607019e+02      
7.28750000e+02      3.95004204e+02      
7.31250000e+02      3.98401805e+02      
7.33750000e+02      3.98042356e+02      
7.36250000e+02      3.94369289e+02      
7.38750000e+02      3.87312285e+02      
7.41250000e+02      3.83146776e+02      
7.43750000e+02      3.88129558e+02      
7.45859962e+02      3.87506884e+02      
7.47579885e+02      3.89022599e+02      
7.49299808e+02      3.83025400e+02      
7.51019731e+02      3.81842016e+02      
7.52269731e+02      3.81839809e+02      
7.53049808e+02      3.82868038e+02      
7.53829885e+02      3.84796173e+02      
7.54609962e+02      3.82985972e+02      
7.56250000e+02      3.81282546e+02      
7.58750000e+02      3.77683804e+02      
7.61250000e+02      3.71092823e+02      
7.63750000e+02      3.74496887e+02      
7.66250000e+02      3.61859423e+02      
7.68750000e+02      3.66995892e+02      
7.71250000e+02      3.62942579e+02      
7.73750000e+02      3.62294607e+02      
7.75857604e+02      3.57912245e+02      
7.77572811e+02      3.56783713e+02      
7.79288018e+02      3.55399731e+02      
7.81003225e+02      3.54118705e+02      
7.82253225e+02      3.57204144e+02      
7.83038018e+02      3.51702114e+02      
7.83822811e+02      3.48282110e+02      
7.84607604e+02      3.52834519e+02      
7.86250000e+02      3.49604340e+02      
7.88750000e+02      3.51250354e+02      
7.91250000e+02      3.47149160e+02      
7.93750000e+02      3.37127704e+02      
7.96250000e+02      3.44585092e+02      
7.98750000e+02      3.41930302e+02      
8.01250000e+02      3.40139534e+02      
8.03750000e+02      3.37626716e+02      
8.06250000e+02      3.37196114e+02      
8.08750000e+02      3.33607208e+02      
8.11250000e+02      3.36000056e+02      
8.13750000e+02      3.36677682e+02      
8.16250000e+02      3.33207826e+02      
8.18750000e+02      3.23945200e+02      
8.21250000e+02      3.21015741e+02      
8.23750000e+02      3.25036758e+02      
8.26250000e+02      3.25086121e+02      
8.28750000e+02      3.21900371e+02      
8.31250000e+02      3.20271870e+02      
8.33750000e+02      3.10103618e+02      
8.35932497e+02      3.16698460e+02      
8.37797491e+02      3.13594188e+02      
8.39662485e+02      3.11816469e+02      
8.41527480e+02      3.12911526e+02      
8.42777480e+02      3.05987995e+02      
8.43412485e+02      3.04092154e+02      
8.44047491e+02      3.02244793e+02      
8.44682497e+02      3.11326747e+02      
8.46250000e+02      3.08283757e+02      
8.48750000e+02      2.97863995e+02      
8.51250000e+02      2.90277016e+02      
8.53750000e+02      2.58924113e+02      
8.56250000e+02      2.94525263e+02      
8.58750000e+02      2.96476695e+02      
8.61250000e+02      2.98293861e+02      
8.63750000e+02      3.02200697e+02      
8.66250000e+02      2.74371582e+02      
8.68750000e+02      2.95413868e+02      
8.71250000e+02      3.01300690e+02      
8.73750000e+02      2.96088218e+02      
8.76250000e+02      2.90087114e+02      
8.78750000e+02      2.91120700e+02      
8.81250000e+02      2.83509336e+02      
8.83750000e+02      2.85279648e+02      
8.85783196e+02      2.83124241e+02      
8.87349589e+02      2.78971054e+02      
8.88915982e+02      2.84235120e+02      
8.90482375e+02      2.85033747e+02      
8.91732375e+02      2.81340615e+02      
8.92665982e+02      2.74423941e+02      
8.93599589e+02      2.79514780e+02      
8.94533196e+02      2.73893009e+02      
8.96250000e+02      2.78631413e+02      
8.98750000e+02      2.76404326e+02      
9.01250000e+02      2.63819000e+02      
9.03750000e+02      2.74924146e+02      
9.06250000e+02      2.71882389e+02      
9.08750000e+02      2.64296920e+02      
9.11250000e+02      2.64956436e+02      
9.13750000e+02      2.68838279e+02      
9.16250000e+02      2.65008992e+02      
9.18750000e+02      2.63898181e+02      
9.21250000e+02      2.57272156e+02      
9.23750000e+02      2.52288104e+02      
9.26250000e+02      2.54847776e+02      
9.28750000e+02      2.58324230e+02      
9.31250000e+02      2.57616442e+02      
9.33750000e+02      2.57145957e+02      
9.36250000e+02      2.53360776e+02      
9.38750000e+02      2.53271002e+02      
9.41250000e+02      2.43701563e+02      
9.43750000e+02      2.47117213e+02      
9.46250000e+02      2.48391073e+02      
9.48750000e+02      2.49073293e+02      
9.51250000e+02      2.46497277e+02      
9.53750000e+02      2.41788557e+02      
9.55817304e+02      2.38113492e+02      
9.57451913e+02      2.41432426e+02      
9.59086521e+02      2.43812811e+02      
9.60721130e+02      2.39685392e+02      
9.61971130e+02      2.41729676e+02      
9.62836521e+02      2.37558460e+02      
9.63701913e+02      2.37473808e+02      
9.64567304e+02      2.38454327e+02      
9.66250000e+02      2.36007124e+02      
9.68750000e+02      2.36672438e+02      
9.71250000e+02      2.36021677e+02      
9.73750000e+02      2.32530979e+02      
9.76250000e+02      2.32631632e+02      
9.78750000e+02      2.31120128e+02      
9.81250000e+02      2.31509827e+02      
9.83750000e+02      2.29763466e+02      
9.86250000e+02      2.28475702e+02      
9.88750000e+02      2.26275697e+02      
9.91250000e+02      2.25773752e+02      
9.93750000e+02      2.25909950e+02      
9.96250000e+02      2.24715096e+02      
9.98750000e+02      2.23393351e+02      
1.00125000e+03      2.23032582e+02      
1.00375000e+03      2.17693975e+02      
1.00625000e+03      2.13102263e+02      
1.00875000e+03      2.19212267e+02      
1.01125000e+03      2.17911886e+02      
1.01375000e+03      2.15844023e+02      
1.01625000e+03      2.13794772e+02      
1.01875000e+03      2.11671007e+02      
1.02125000e+03      2.11105245e+02      
1.02375000e+03      2.12495664e+02      
1.02625000e+03      2.11552514e+02      
1.02875000e+03      2.09837627e+02      
1.03125000e+03      2.08807273e+02      
1.03375000e+03      2.05144229e+02      
1.03515868e+03      2.03813858e+02      
1.03547603e+03      2.06389795e+02      
1.03579339e+03      2.06780748e+02      
1.03611075e+03      2.06949548e+02      
1.03736075e+03      2.03306020e+02      
1.03954339e+03      2.04177890e+02      
1.04172603e+03      2.03802857e+02      
1.04390868e+03      2.03104443e+02      
1.04625000e+03      1.99617641e+02      
1.04875000e+03      2.01747608e+02      
1.05125000e+03      2.00412963e+02      
1.05375000e+03      1.99218044e+02      
1.05625000e+03      1.99425611e+02      
1.05875000e+03      1.95368203e+02      
1.06125000e+03      1.95006376e+02      
1.06375000e+03      1.95321756e+02      
1.06556484e+03      1.95627990e+02      
1.06669451e+03      1.91530272e+02      
1.06782418e+03      1.94336540e+02      
1.06895385e+03      1.84245875e+02      
1.07020385e+03      1.90972336e+02      
1.07157418e+03      1.92447498e+02      
1.07294451e+03      1.88642015e+02      
1.07431484e+03      1.90436179e+02      
1.07625000e+03      1.90527722e+02      
1.07875000e+03      1.88867819e+02      
1.08125000e+03      1.86453714e+02      
1.08375000e+03      1.85259361e+02      
1.08687500e+03      1.84471690e+02      
1.09062500e+03      1.85364434e+02      
1.09437500e+03      1.76835342e+02      
1.09812500e+03      1.78757026e+02      
1.10374294e+03      1.78429356e+02      
1.11122881e+03      1.76862451e+02      
1.11871468e+03      1.74132230e+02      
1.12620055e+03      1.70370627e+02      
1.13903128e+03      1.66348122e+02      
1.15720685e+03      1.61873463e+02      
1.17538242e+03      1.56587986e+02      
1.19355799e+03      1.51062236e+02      
1.21571375e+03      1.46188562e+02      
1.24184971e+03      1.40191958e+02      
1.26798566e+03      1.34900385e+02      
1.29412161e+03      1.28379742e+02      
1.32261778e+03      1.23010596e+02      
1.35347418e+03      1.17507379e+02      
1.38433059e+03      1.12214915e+02      
1.41518699e+03      1.06300029e+02      
1.44740644e+03      1.01459318e+02      
1.48098895e+03      9.60970998e+01      
1.51457146e+03      9.07367883e+01      
1.54815397e+03      8.63425599e+01      
1.58029753e+03      8.10504846e+01      
1.61100215e+03      7.73953988e+01      
1.64170676e+03      7.31406876e+01      
1.67241138e+03      6.88364190e+01      
1.70956790e+03      6.47835710e+01      
1.75317633e+03      5.93019963e+01      
1.79678476e+03      5.47380470e+01      
1.84039319e+03      5.06823256e+01      
1.88194796e+03      4.64374765e+01      
1.92144910e+03      4.36535300e+01      
1.96095023e+03      4.01992010e+01      
2.00045136e+03      3.76330361e+01      
2.04300708e+03      3.48527292e+01      
2.08861738e+03      3.23313883e+01      
2.13422769e+03      3.00148141e+01      
2.17983800e+03      2.74693673e+01      
2.23748645e+03      2.49696342e+01      
2.30717304e+03      2.21752201e+01      
2.37685964e+03      1.96134006e+01      
2.44654623e+03      1.77416955e+01      
2.50366265e+03      1.63975304e+01      
2.54820889e+03      1.53872076e+01      
2.59275514e+03      1.44998663e+01      
2.63730139e+03      1.36401465e+01      
2.69209120e+03      1.27052859e+01      
2.75712457e+03      1.17402773e+01      
2.82215795e+03      1.08190074e+01      
2.88719133e+03      9.97445573e+00      
2.95966840e+03      9.13977860e+00      
3.03958917e+03      8.34341394e+00      
3.11950994e+03      7.60749047e+00      
3.19943070e+03      6.94997005e+00      
3.28153443e+03      6.35231631e+00      
3.36582112e+03      5.80018111e+00      
3.45010781e+03      5.30910946e+00      
3.53439450e+03      4.85274948e+00      
3.63067350e+03      4.40292043e+00      
3.73894480e+03      3.97167844e+00      
3.84721610e+03      3.58003204e+00      
3.95548740e+03      3.26002911e+00      
4.02990538e+03      3.04475694e+00      
4.07047004e+03      2.91124462e+00      
4.11103469e+03      2.80852571e+00      
4.15159935e+03      2.69327671e+00      
4.21857828e+03      2.53969290e+00      
4.31197149e+03      2.35142669e+00      
4.40536469e+03      2.16823021e+00      
4.49875790e+03      2.00501186e+00      
4.58702880e+03      1.86551946e+00      
4.67017740e+03      1.74487700e+00      
4.75332600e+03      1.63495481e+00      
4.83647460e+03      1.53559511e+00      
4.90931845e+03      1.45335779e+00      
4.97185755e+03      1.38308681e+00      
5.03439665e+03      1.32111381e+00      
5.09693575e+03      1.26095689e+00      
5.16285533e+03      1.20233641e+00      
5.23215538e+03      1.14485718e+00      
5.30145544e+03      1.08994385e+00      
5.37075549e+03      1.03785388e+00      
5.44401556e+03      9.86939973e-01      
5.52123564e+03      9.36378645e-01      
5.59845573e+03      8.89142028e-01      
5.67567581e+03      8.44259957e-01      
5.75757587e+03      8.00193630e-01      
5.84415591e+03      7.57015896e-01      
5.93073595e+03      7.16497521e-01      
6.01731598e+03      6.77678278e-01      
6.10948187e+03      6.39884459e-01      
6.20723361e+03      6.03238545e-01      
6.30498534e+03      5.68742822e-01      
6.40273708e+03      5.36155709e-01      
6.50723028e+03      5.04326839e-01      
6.61846495e+03      4.73280826e-01      
6.72969961e+03      4.44443188e-01      
6.84093428e+03      4.16895859e-01      
6.96040857e+03      3.90421081e-01      
7.08812249e+03      3.64746369e-01      
7.21583641e+03      3.40696926e-01      
7.34355032e+03      3.18905822e-01      
7.46187353e+03      3.00159470e-01      
7.57080603e+03      2.83570824e-01      
7.67973852e+03      2.68515083e-01      
7.78867102e+03      2.54193484e-01      
7.90441173e+03      2.40185963e-01      
8.02696067e+03      2.26571867e-01      
8.14950961e+03      2.13800389e-01      
8.27205855e+03      2.01272148e-01      
8.41982520e+03      1.88097466e-01      
8.59280956e+03      1.74503710e-01      
8.76579392e+03      1.61535272e-01      
8.93877828e+03      1.50512797e-01      
9.07082057e+03      1.42200348e-01      
9.16192079e+03      1.36216242e-01      
9.25302100e+03      1.31092083e-01      
9.34412122e+03      1.25864544e-01      
9.46596241e+03      1.19738174e-01      
9.61854458e+03      1.12916935e-01      
9.77112675e+03      1.06261346e-01      
9.92370892e+03      1.00055275e-01      
1.00797873e+04      9.41576179e-02      
1.02393618e+04      8.86342582e-02      
1.03989363e+04      8.34886209e-02      
1.05585108e+04      7.85767185e-02      
1.07370822e+04      7.36218967e-02      
1.09346507e+04      6.87218099e-02      
1.11322191e+04      6.41174791e-02      
1.13297875e+04      5.96808939e-02      
1.15625002e+04      5.51580046e-02      
1.18303573e+04      5.06125309e-02      
1.20982144e+04      4.63816496e-02      
1.23660715e+04      4.24628007e-02      
1.26736112e+04      3.85949191e-02      
1.30208335e+04      3.48341562e-02      
1.33680558e+04      3.14381482e-02      
1.37152781e+04      2.85068973e-02      
1.40268412e+04      2.61156908e-02      
1.43027449e+04      2.41327725e-02      
1.45786486e+04      2.23970270e-02      
1.48545523e+04      2.07940401e-02      
1.51443729e+04      1.92815998e-02      
1.54481106e+04      1.78583209e-02      
1.57518482e+04      1.65387960e-02      
1.60555859e+04      1.52422840e-02      
1.64751008e+04      1.37833430e-02      
1.70103929e+04      1.22410608e-02      
1.75456851e+04      1.08399142e-02      
1.80809772e+04      9.65185709e-03      
1.85802979e+04      8.66989200e-03      
1.90436473e+04      7.85274461e-03      
1.95069966e+04      7.14668945e-03      
1.99703460e+04      6.48668246e-03      
2.05176771e+04      5.83375802e-03      
2.11489899e+04      5.19884293e-03      
2.17803028e+04      4.62991778e-03      
2.24116156e+04      4.11234183e-03      
2.31758368e+04      3.60506339e-03      
2.40729663e+04      3.12078855e-03      
2.49700959e+04      2.70050553e-03      
2.58672254e+04      2.34468731e-03      
2.68141952e+04      2.03454194e-03      
2.78110051e+04      1.76377893e-03      
2.88078151e+04      1.53471473e-03      
2.98046250e+04      1.33343004e-03      
3.09794371e+04      1.14485717e-03      
3.23322513e+04      9.72176869e-04      
3.36850655e+04      8.26303292e-04      
3.50378797e+04      6.96528473e-04      
3.69318190e+04      5.66268747e-04      
3.93668833e+04      4.46178722e-04      
4.18019476e+04      3.51403367e-04      
4.42370119e+04      2.75210047e-04      
4.75852261e+04      2.06580829e-04      
5.18465900e+04      1.49788184e-04      
5.61079540e+04      1.09321903e-04      
6.03693180e+04      7.85086477e-05      
6.71875000e+04      5.17518773e-05      
7.65625000e+04      3.19645118e-05      
8.59375000e+04      2.01231069e-05      
9.53125000e+04      1.39196210e-05      
1.00000000e+05      6.14271174e-06      
